BE12288M1_2 No Flap Number of Rows = 1122
-30 -0.67914 0.329749 30000 0.055682
-29.5 -0.66252 0.325203 30000 0.050532
-29 -0.64594 0.3218 30000 0.045135
-28.5 -0.63015 0.321158 30000 0.039325
-28 -0.61482 0.320169 30000 0.033716
-27.5 -0.5948 0.306852 30000 0.030221
-27 -0.57656 0.300427 30000 0.025845
-26.5 -0.55855 0.295162 30000 0.02124
-25.5 -0.26506 0.230282 30000 -0.02601
-24.5 -0.48865 0.278587 30000 0.002148
-24 -0.46838 0.270148 30000 -0.0014
-23.5 -0.44948 0.264494 30000 -0.00541
-23 -0.43118 0.259722 30000 -0.00959
-22.5 -0.4142 0.256719 30000 -0.01408
-22 -0.40121 0.25801 30000 -0.01898
-21.5 -0.38159 0.249405 30000 -0.02248
-21 -0.35901 0.239116 30000 -0.02508
-20.5 -0.34041 0.233542 30000 -0.02835
-20 -0.32401 0.22972 30000 -0.03193
-19.5 -0.31294 0.230061 30000 -0.03593
-19 -0.30105 0.227545 30000 -0.0393
-18.5 -0.275 0.214271 30000 -0.04079
-18 -0.25843 0.20877 30000 -0.04292
-17.5 -0.24694 0.205918 30000 -0.04526
-17 -0.24782 0.209417 30000 -0.04768
-16.5 -0.22703 0.197581 30000 -0.04792
-16 -0.21649 0.192197 30000 -0.04756
-15.5 -0.21447 0.189777 30000 -0.0468
-15 -0.22537 0.191819 30000 -0.04545
-14.5 -0.23468 0.19064 30000 -0.0431
-14 -0.22668 0.182661 30000 -0.03961
-13.5 -0.23413 0.180874 30000 -0.03652
-13 -0.25023 0.18184 30000 -0.03382
-12.5 -0.27796 0.186349 30000 -0.03125
-12 -0.26127 0.174813 30000 -0.0282
-11.5 -0.26686 0.172022 30000 -0.02541
-11 -0.28683 0.17325 30000 -0.02321
-10.5 -0.29372 0.169497 30000 -0.02097
-10 -0.29052 0.164137 30000 -0.01824
-9.5 -0.30634 0.163503 30000 -0.0161
-8.5 -0.31608 0.155721 30000 -0.01148
-8 -0.33506 0.154995 30000 -0.00903
-7.5 -0.34955 0.152186 30000 -0.00652
-7 -0.35075 0.147702 30000 -0.00365
-6.5 -0.39322 0.150154 30000 -0.0008
-6 -0.37753 0.141564 30000 0.002617
-5.5 -0.40103 0.141206 30000 0.001807
-5 -0.39378 0.13465 30000 0.005296
-4.5 -0.39515 0.130186 30000 0.005795
-4 -0.39368 0.126374 30000 0.004207
-3.5 -0.38658 0.121628 30000 0.004126
-3 -0.37718 0.116818 30000 0.004807
-2.5 -0.36379 0.112266 30000 0.003319
-2 -0.34961 0.107535 30000 0.003679
-1.5 -0.33508 0.103064 30000 0.004602
0 -0.36248 0.085492 30000 0.041689
0.5 -0.3533 0.079928 30000 0.047324
1 -0.32711 0.07545 30000 0.04638
1.5 -0.27371 0.072629 30000 0.036402
2 0.171979 0.088991 30000 -0.09724
2.5 0.275328 0.091897 30000 -0.11764
3 0.342237 0.094792 30000 -0.12711
3.5 0.430523 0.10042 30000 -0.13983
4 0.509811 0.106717 30000 -0.15015
4.5 0.57548 0.112615 30000 -0.15744
5 0.620779 0.117511 30000 -0.16092
5.5 0.667406 0.122345 30000 -0.16437
6 0.72237 0.128328 30000 -0.16919
6.5 0.742868 0.132697 30000 -0.16858
7 0.770434 0.137993 30000 -0.16918
7.5 0.806341 0.144813 30000 -0.17115
8 0.840046 0.152157 30000 -0.17299
8.5 0.850507 0.155664 30000 -0.17185
9 0.871649 0.160744 30000 -0.17225
9.5 0.896255 0.166588 30000 -0.17327
10 0.921143 0.17268 30000 -0.17447
10.5 0.944983 0.178773 30000 -0.17568
11 0.96549 0.184408 30000 -0.17679
11.5 0.985477 0.189957 30000 -0.17799
12 1.004466 0.195369 30000 -0.17929
12.5 1.023412 0.200848 30000 -0.18078
13 1.0432 0.206487 30000 -0.18245
13.5 1.063996 0.212694 30000 -0.1844
14 1.085512 0.218849 30000 -0.18634
14.5 1.112731 0.227254 30000 -0.18865
15 1.135528 0.234175 30000 -0.19073
15.5 1.150939 0.238354 30000 -0.19284
16 1.167424 0.243186 30000 -0.19511
16.5 1.181041 0.247429 30000 -0.19775
17 1.198707 0.253005 30000 -0.20038
17.5 1.214853 0.258556 30000 -0.20335
18 1.232635 0.264462 30000 -0.20624
18.5 1.250362 0.270777 30000 -0.20933
19 1.268465 0.277262 30000 -0.21244
19.5 1.286483 0.283841 30000 -0.21561
20 1.305514 0.291275 30000 -0.21876
20.5 1.32331 0.298108 30000 -0.22202
21 1.343449 0.306787 30000 -0.22502
21.5 1.361664 0.31409 30000 -0.22827
22 1.370535 0.315164 30000 -0.2331
22.5 1.381692 0.319109 30000 -0.23797
23 1.397007 0.325519 30000 -0.24208
23.5 1.419353 0.337362 30000 -0.24461
24 1.430715 0.33934 30000 -0.24959
24.5 1.440992 0.342881 30000 -0.25517
25 1.463356 0.356328 30000 -0.25737
25.5 1.47091 0.354937 30000 -0.2638
26 1.485296 0.362128 30000 -0.26828
26.5 1.500299 0.367834 30000 -0.27251
27 1.510982 0.371555 30000 -0.27834
27.5 1.527047 0.378894 30000 -0.28207
28 1.537386 0.382252 30000 -0.2881
28.5 1.551592 0.387857 30000 -0.29242
29 1.564006 0.394688 30000 -0.29741
29.5 1.574083 0.395521 30000 -0.30358
30 1.590777 0.409982 30000 -0.30609
-30 -0.35575 0.266383 40000 0.000891
-29 -0.64639 0.320737 40000 0.045549
-28.5 -0.62888 0.314108 40000 0.041084
-27 -0.29601 0.241229 40000 -0.01784
-26.5 -0.28343 0.235147 40000 -0.02045
-26 -0.27203 0.230602 40000 -0.02319
-25.5 -0.26104 0.226497 40000 -0.02596
-25 -0.25059 0.222919 40000 -0.02876
-24.5 -0.24198 0.221042 40000 -0.03168
-23.5 -0.2193 0.211438 40000 -0.03633
-23 -0.20771 0.20702 40000 -0.03833
-22.5 -0.19758 0.203504 40000 -0.04028
-22 -0.18896 0.200776 40000 -0.04211
-21.5 -0.1836 0.200006 40000 -0.04384
-19.5 -0.30502 0.222521 40000 -0.03594
-19 -0.28559 0.215733 40000 -0.03835
-18.5 -0.26914 0.210942 40000 -0.04115
-18 -0.25676 0.208496 40000 -0.04427
-17.5 -0.25486 0.211433 40000 -0.04751
-17 -0.23282 0.199339 40000 -0.04824
-16.5 -0.21865 0.192845 40000 -0.04838
-16 -0.21263 0.189401 40000 -0.04804
-15.5 -0.2159 0.18873 40000 -0.04704
-15 -0.23508 0.193137 40000 -0.04506
-14.5 -0.23793 0.18797 40000 -0.04192
-14 -0.23484 0.181552 40000 -0.03806
-13.5 -0.24142 0.179164 40000 -0.0347
-13 -0.2516 0.177875 40000 -0.03181
-12.5 -0.27197 0.180002 40000 -0.02964
-12 -0.30478 0.18557 40000 -0.02771
-11.5 -0.27843 0.171089 40000 -0.02441
-11 -0.28274 0.167914 40000 -0.02192
-10.5 -0.29277 0.166173 40000 -0.01997
-10 -0.31652 0.168009 40000 -0.01857
-9.5 -0.35127 0.171581 40000 -0.01685
-9 -0.31406 0.156912 40000 -0.01395
-8.5 -0.32369 0.154562 40000 -0.01193
-8 -0.35113 0.155621 40000 -0.01005
-7.5 -0.39595 0.158996 40000 -0.00701
-7 -0.35679 0.14565 40000 -0.00525
-6.5 -0.36916 0.142826 40000 -0.00228
-6 -0.39571 0.142461 40000 -0.00094
-5.5 -0.40286 0.138512 40000 -0.00175
-5 -0.39687 0.132555 40000 0.00188
-4.5 -0.39312 0.131359 40000 -0.0083
-4 -0.38939 0.12397 40000 -0.00116
-3.5 -0.36657 0.120584 40000 -0.01145
-3 -0.35732 0.114859 40000 -0.00814
-2.5 -0.33115 0.110112 40000 -0.01365
-1.5 -0.2535 0.102352 40000 -0.02935
-1 -0.23002 0.097795 40000 -0.02928
-0.5 -0.18668 0.09487 40000 -0.03562
2 0.336299 0.093799 40000 -0.1339
3 0.495346 0.099881 40000 -0.15565
3.5 0.553177 0.103611 40000 -0.16103
4 0.606685 0.10798 40000 -0.16502
4.5 0.658148 0.112851 40000 -0.1684
5 0.707944 0.118282 40000 -0.17129
5.5 0.741097 0.122729 40000 -0.17201
6 0.757242 0.124606 40000 -0.17029
6.5 0.789528 0.129984 40000 -0.17085
7 0.822824 0.135868 40000 -0.1717
7.5 0.860343 0.142655 40000 -0.17313
8 0.881545 0.148273 40000 -0.17304
8.5 0.895801 0.153093 40000 -0.17248
9 0.911617 0.158015 40000 -0.17226
9.5 0.932837 0.163764 40000 -0.1728
10 0.951912 0.169166 40000 -0.17327
10.5 0.977579 0.175764 40000 -0.17446
11 0.999688 0.181743 40000 -0.17539
11.5 1.031057 0.189372 40000 -0.17693
12.5 1.054891 0.197931 40000 -0.17865
13.5 1.085017 0.208247 40000 -0.18178
14 1.105195 0.214599 40000 -0.18371
14.5 1.130875 0.221896 40000 -0.18551
15 1.158368 0.229685 40000 -0.18727
15.5 1.1686 0.233026 40000 -0.18946
16.5 1.194941 0.242708 40000 -0.19477
17 1.212412 0.24891 40000 -0.19749
17.5 1.231893 0.255503 40000 -0.20005
18 1.252329 0.262555 40000 -0.20255
18.5 1.276159 0.271275 40000 -0.20476
19 1.296639 0.27894 40000 -0.20724
19.5 1.307316 0.282115 40000 -0.21097
22.5 0.916459 0.279633 40000 -0.14949
23 0.913349 0.283801 40000 -0.15162
23.5 0.914375 0.290427 40000 -0.15364
24 0.934167 0.301473 40000 -0.15408
24.5 0.921658 0.303811 40000 -0.15715
25 0.932226 0.312841 40000 -0.15824
25.5 0.928742 0.317673 40000 -0.1607
26 0.93676 0.326503 40000 -0.162
26.5 0.933604 0.331705 40000 -0.16451
27 0.944518 0.341539 40000 -0.16543
27.5 0.937336 0.34603 40000 -0.16843
28 0.949954 0.355858 40000 -0.16901
28.5 0.941652 0.36068 40000 -0.17218
29 0.944615 0.367589 40000 -0.17387
29.5 0.948434 0.376243 40000 -0.17544
30 0.944829 0.382227 40000 -0.17809
-30 -0.68143 0.327863 80000 0.058235
-29.5 -0.6646 0.322884 80000 0.053125
-28.5 -0.32534 0.249283 80000 -0.00824
-27.5 -0.59536 0.303637 80000 0.032073
-27 -0.57734 0.297145 80000 0.027888
-26.5 -0.55915 0.291789 80000 0.023275
-26 -0.54079 0.286533 80000 0.018582
-25.5 -0.52231 0.281324 80000 0.013842
-25 -0.50387 0.276778 80000 0.008742
-24 -0.46703 0.26569 80000 -0.00027
-23.5 -0.44779 0.259775 80000 -0.00418
-23 -0.42866 0.254347 80000 -0.00833
-22.5 -0.4096 0.248995 80000 -0.01254
-22 -0.3908 0.243945 80000 -0.01691
-21.5 -0.3736 0.240491 80000 -0.02186
-21 -0.35597 0.235166 80000 -0.02597
-20.5 -0.33504 0.2273 80000 -0.02855
-20 -0.31601 0.221764 80000 -0.03186
-19.5 -0.29787 0.216597 80000 -0.03538
-19 -0.28184 0.212697 80000 -0.03941
-18 -0.24889 0.201311 80000 -0.04506
-17.5 -0.23243 0.195776 80000 -0.04689
-17 -0.21958 0.191244 80000 -0.04846
-16.5 -0.21294 0.187936 80000 -0.04904
-16 -0.22057 0.188242 80000 -0.04796
-15 -0.23934 0.183387 80000 -0.03908
-14.5 -0.24849 0.181577 80000 -0.03479
-14 -0.25872 0.180073 80000 -0.03131
-13.5 -0.26957 0.178701 80000 -0.02859
-13 -0.27755 0.179009 80000 -0.03069
-12.5 -0.24075 0.168616 80000 -0.03736
-11.5 -0.18342 0.156462 80000 -0.05117
-11 -0.19413 0.159631 80000 -0.05916
-10.5 -0.12655 0.142378 80000 -0.06229
-10 -0.1125 0.138075 80000 -0.06464
-9.5 -0.11153 0.137254 80000 -0.06885
-9 -0.13614 0.140908 80000 -0.07265
-8.5 -0.0822 0.126113 80000 -0.07108
-8 -0.05211 0.12077 80000 -0.07547
-7.5 -0.07483 0.12054 80000 -0.07046
-7 -0.11362 0.122746 80000 -0.06562
-6.5 -0.10059 0.119183 80000 -0.07406
-6 -0.11386 0.115001 80000 -0.06422
-5.5 -0.08377 0.109559 80000 -0.06571
-5 -0.0961 0.107903 80000 -0.06308
-4.5 -0.06725 0.105967 80000 -0.08018
-4 -0.0508 0.099748 80000 -0.07305
-3.5 -0.03783 0.097301 80000 -0.0743
-3 0.04786 0.090409 80000 -0.0908
-2.5 0.059299 0.088993 80000 -0.09171
0.5 0.548847 0.070459 80000 -0.16108
1 0.707063 0.065589 80000 -0.17982
1.5 0.750823 0.066769 80000 -0.18055
2 0.78761 0.068617 80000 -0.17988
4 0.996064 0.071771 80000 -0.17904
4.5 1.025037 0.072982 80000 -0.17635
5 1.057189 0.075443 80000 -0.17411
5.5 1.089245 0.077802 80000 -0.17186
6 1.122766 0.079875 80000 -0.16959
6.5 1.15649 0.081804 80000 -0.16729
7.5 1.220551 0.085696 80000 -0.16247
12 1.568302 0.088751 80000 -0.13949
12.5 1.556419 0.096435 80000 -0.13734
14.5 1.828326 0.082389 80000 -0.1291
17.5 1.268743 0.24184 80000 -0.19088
18 1.298035 0.24914 80000 -0.1913
18.5 1.32979 0.255937 80000 -0.19103
19 1.327295 0.259831 80000 -0.19704
19.5 1.327027 0.2665 80000 -0.20383
20 1.339528 0.273325 80000 -0.20796
20.5 1.375429 0.281719 80000 -0.20617
22 1.415821 0.302759 80000 -0.21794
22.5 1.407649 0.305418 80000 -0.22908
23 1.428009 0.31402 80000 -0.23107
23.5 1.43494 0.318383 80000 -0.23816
24 1.45375 0.327386 80000 -0.24058
24.5 1.458653 0.331266 80000 -0.24901
25 1.491141 0.345457 80000 -0.2458
25.5 1.482898 0.343723 80000 -0.25986
26 1.501624 0.350039 80000 -0.26182
26.5 1.51044 0.355987 80000 -0.26888
27 1.521706 0.360203 80000 -0.27507
27.5 1.543347 0.370515 80000 -0.27466
28 1.545324 0.370949 80000 -0.28627
28.5 1.558771 0.375636 80000 -0.29058
29 1.58347 0.395362 80000 -0.28743
29.5 1.580186 0.385713 80000 -0.30279
30 1.593173 0.390498 80000 -0.30664
-30 -0.35497 0.261598 100000 0.001897
-29.5 -0.34497 0.257013 100000 -0.00139
-29 -0.33514 0.252761 100000 -0.00477
-28 -0.31394 0.243157 100000 -0.011
-27.5 -0.3027 0.238658 100000 -0.01404
-27 -0.29154 0.234244 100000 -0.0171
-26.5 -0.28038 0.229896 100000 -0.02016
-25 -0.24757 0.217411 100000 -0.0292
-24.5 -0.23503 0.212804 100000 -0.03169
-24 -0.22328 0.208777 100000 -0.0343
-23.5 -0.21198 0.204891 100000 -0.03684
-23 -0.20137 0.201336 100000 -0.03933
-22.5 -0.19278 0.19883 100000 -0.04185
-22 -0.18563 0.196468 100000 -0.04393
-21.5 -0.17461 0.191349 100000 -0.0444
-21 -0.1693 0.188971 100000 -0.04438
-20.5 -0.16981 0.18787 100000 -0.04294
-20 -0.17658 0.187898 100000 -0.03995
-19.5 -0.18548 0.188285 100000 -0.03691
-19 -0.19681 0.18993 100000 -0.03488
-18 -0.24787 0.200074 100000 -0.0453
-17.5 -0.23113 0.194501 100000 -0.04711
-17 -0.2182 0.189935 100000 -0.04865
-16.5 -0.21223 0.18653 100000 -0.04883
-16 -0.22183 0.186284 100000 -0.0464
-15.5 -0.2479 0.189446 100000 -0.04199
-15 -0.25405 0.184915 100000 -0.03706
-14.5 -0.26058 0.181977 100000 -0.0326
-14 -0.24405 0.176855 100000 -0.03553
-13.5 -0.21361 0.171118 100000 -0.04565
-13 -0.18087 0.162842 100000 -0.05436
-12.5 -0.14564 0.154583 100000 -0.05961
-12 -0.11625 0.148758 100000 -0.06776
-11.5 -0.09754 0.14447 100000 -0.07737
-11 -0.05784 0.134634 100000 -0.07972
-10.5 -0.02241 0.128291 100000 -0.08733
-10 -0.02635 0.129437 100000 -0.09429
-9.5 0.03218 0.116605 100000 -0.10054
-9 0.047088 0.112409 100000 -0.09992
-8.5 0.064922 0.108779 100000 -0.10287
-8 0.03193 0.111766 100000 -0.09995
-7.5 -0.01182 0.115042 100000 -0.09551
-7 0.029186 0.104344 100000 -0.09406
-6.5 0.030049 0.101432 100000 -0.08947
-6 0.053108 0.097185 100000 -0.09196
-5.5 0.029162 0.09702 100000 -0.08722
-4 0.064096 0.087449 100000 -0.09073
-3.5 0.12039 0.083451 100000 -0.10819
-3 0.163006 0.078218 100000 -0.10771
-2.5 0.225732 0.074477 100000 -0.12158
0 0.623252 0.058082 100000 -0.16915
0.5 0.761467 0.052481 100000 -0.18551
1 0.860169 0.04972 100000 -0.19071
4.5 1.152443 0.056146 100000 -0.1799
5 1.269872 0.049766 100000 -0.18233
7.5 1.630089 0.03855 100000 -0.18283
8 1.679391 0.03792 100000 -0.18086
8.5 1.739706 0.03685 100000 -0.18037
9 1.730545 0.039778 100000 -0.17188
9.5 1.763539 0.040437 100000 -0.16847
10 1.808919 0.040472 100000 -0.16645
10.5 1.862066 0.040357 100000 -0.16544
11 1.869497 0.043097 100000 -0.15994
11.5 1.869548 0.046478 100000 -0.1542
12 1.879629 0.049443 100000 -0.14977
12.5 1.893813 0.052332 100000 -0.14596
13 1.905943 0.05549 100000 -0.14223
13.5 1.912623 0.059217 100000 -0.13843
14 1.915783 0.063372 100000 -0.13475
14.5 1.918864 0.067566 100000 -0.13135
15 1.927598 0.071297 100000 -0.12848
15.5 1.944911 0.074238 100000 -0.12613
16 1.899294 0.083666 100000 -0.12263
16.5 1.866002 0.092726 100000 -0.12072
17 1.867666 0.097479 100000 -0.11939
17.5 1.684253 0.132023 100000 -0.12683
19.5 1.782199 0.137698 100000 -0.12462
20 1.790694 0.141891 100000 -0.1257
22 1.415569 0.284656 100000 -0.21541
22.5 1.431383 0.291565 100000 -0.21892
23 1.456832 0.291188 100000 -0.21797
26 0.962589 0.317778 100000 -0.15981
26.5 0.9436 0.32526 100000 -0.16505
27 0.949621 0.33121 100000 -0.1663
27.5 0.959847 0.339742 100000 -0.1669
28 0.948289 0.346965 100000 -0.17122
28.5 0.954698 0.352882 100000 -0.17223
29 0.95604 0.361432 100000 -0.17413
29.5 0.951416 0.36901 100000 -0.17734
30 0.956895 0.375054 100000 -0.17835
-30 -0.68319 0.327991 130000 0.059242
-29.5 -0.66634 0.323045 130000 0.054147
-29 -0.64921 0.317942 130000 0.049028
-28 -0.31477 0.242677 130000 -0.01105
-27.5 -0.30308 0.237746 130000 -0.01395
-27 -0.29163 0.23336 130000 -0.01699
-26.5 -0.28025 0.228983 130000 -0.02004
-26 -0.26889 0.224639 130000 -0.02309
-25.5 -0.25787 0.220569 130000 -0.02621
-24.5 -0.23538 0.211975 130000 -0.03195
-24 -0.22296 0.20769 130000 -0.03444
-23.5 -0.21117 0.203777 130000 -0.03696
-23 -0.19999 0.199985 130000 -0.03938
-22.5 -0.18976 0.196498 130000 -0.04166
-22 -0.18208 0.194034 130000 -0.04381
-21.5 -0.17727 0.192105 130000 -0.04519
-21 -0.17105 0.188345 130000 -0.04421
-20.5 -0.17584 0.188031 130000 -0.04125
-20 -0.18597 0.188621 130000 -0.0372
-19.5 -0.19497 0.18871 130000 -0.0338
-19 -0.20216 0.188268 130000 -0.03123
-18.5 -0.18088 0.183686 130000 -0.03831
-18 -0.1564 0.177486 130000 -0.04457
-17.5 -0.12927 0.171548 130000 -0.05049
-17 -0.10378 0.166356 130000 -0.05695
-16.5 -0.08552 0.162322 130000 -0.0625
-16 -0.07516 0.160964 130000 -0.06875
-15.5 -0.04193 0.152247 130000 -0.07292
-14.5 -0.2032 0.172623 130000 -0.04818
-14 -0.16767 0.164933 130000 -0.05574
-13.5 -0.13985 0.159364 130000 -0.06602
-13 -0.10226 0.149573 130000 -0.07275
-12.5 -0.06578 0.142052 130000 -0.07965
-12 -0.04476 0.138854 130000 -0.09165
-11.5 0.003807 0.127084 130000 -0.09709
-11 0.036989 0.120569 130000 -0.1022
-10.5 0.054451 0.11774 130000 -0.11047
-10 0.08492 0.110118 130000 -0.11633
-9.5 0.113696 0.103786 130000 -0.11634
-9 0.137435 0.099127 130000 -0.11867
-8.5 0.142407 0.098012 130000 -0.12372
-8 0.136356 0.095899 130000 -0.12511
-7.5 0.172652 0.088382 130000 -0.1223
-7 0.194038 0.084302 130000 -0.12244
-6.5 0.196527 0.08245 130000 -0.12156
-6 0.210198 0.082621 130000 -0.13832
-5.5 0.237907 0.074751 130000 -0.13121
-5 0.243477 0.072709 130000 -0.12686
-4.5 0.296069 0.069362 130000 -0.14635
-4 0.326091 0.063915 130000 -0.14173
-3.5 0.369442 0.061728 130000 -0.14971
-3 0.43748 0.055106 130000 -0.15567
-1.5 0.745759 0.035537 130000 -0.20013
-1 0.792944 0.034817 130000 -0.20111
-0.5 0.883642 0.031697 130000 -0.20674
0.5 1.002118 0.030404 130000 -0.20798
1.5 1.121625 0.02926 130000 -0.20853
2 1.162787 0.02988 130000 -0.20643
2.5 1.249087 0.027367 130000 -0.20969
3.5 1.32715 0.028028 130000 -0.20393
4 1.399657 0.027061 130000 -0.20556
4.5 1.437849 0.028063 130000 -0.20281
5 1.487771 0.02829 130000 -0.20151
5.5 1.564996 0.026853 130000 -0.20379
6 1.607606 0.027103 130000 -0.20132
6.5 1.650216 0.027381 130000 -0.19889
7 1.693584 0.027556 130000 -0.19654
7.5 1.736473 0.027705 130000 -0.1941
8 1.778217 0.027938 130000 -0.19153
8.5 1.814272 0.02843 130000 -0.18815
9 1.822885 0.029939 130000 -0.18085
9.5 1.842412 0.03136 130000 -0.17565
10 1.871273 0.032633 130000 -0.17195
10.5 1.877599 0.035172 130000 -0.16593
11 1.88254 0.038006 130000 -0.16027
11.5 1.892564 0.040773 130000 -0.15553
12 1.906493 0.043517 130000 -0.15146
12.5 1.920975 0.046353 130000 -0.14766
13 1.930949 0.049622 130000 -0.14378
13.5 1.934327 0.053458 130000 -0.13976
14 1.934258 0.05774 130000 -0.13593
14.5 1.933159 0.062325 130000 -0.13246
15 1.933784 0.066932 130000 -0.12947
15.5 1.937238 0.071283 130000 -0.1269
16 1.940366 0.075675 130000 -0.12464
16.5 1.916299 0.08357 130000 -0.12263
17 1.906945 0.089955 130000 -0.12127
17.5 1.90659 0.095186 130000 -0.12024
18 1.895774 0.102029 130000 -0.11994
18.5 1.869604 0.111521 130000 -0.12083
19 1.852221 0.119923 130000 -0.12216
19.5 1.83949 0.127781 130000 -0.12395
20 1.829029 0.13546 130000 -0.12623
20.5 1.815785 0.143881 130000 -0.12939
21 1.785493 0.156045 130000 -0.13505
21.5 1.767444 0.166015 130000 -0.14013
22 1.760652 0.17376 130000 -0.14437
22.5 1.769731 0.177986 130000 -0.14666
23 1.727027 0.194495 130000 -0.15748
23.5 1.743853 0.196896 130000 -0.15897
24 1.465117 0.308865 130000 -0.23468
24.5 1.485954 0.312267 130000 -0.2356
25 0.943082 0.300919 130000 -0.15863
25.5 0.957455 0.305896 130000 -0.15856
26 0.945612 0.315968 130000 -0.16298
26.5 0.949436 0.322163 130000 -0.16469
27 0.96711 0.328264 130000 -0.16404
27.5 0.949524 0.337959 130000 -0.16938
28 0.953413 0.344028 130000 -0.17095
28.5 0.972233 0.35135 130000 -0.17003
29 0.952488 0.360203 130000 -0.17567
29.5 0.955698 0.366245 130000 -0.17721
30 0.964863 0.373537 130000 -0.17752
-30 -0.35564 0.260369 160000 0.002299
-29.5 -0.34562 0.255682 160000 -0.00104
-28 -0.61496 0.3076 160000 0.038463
-27.5 -0.59743 0.301863 160000 0.03412
-27 -0.57945 0.296698 160000 0.02938
-26.5 -0.5612 0.291459 160000 0.024596
-26 -0.54276 0.286072 160000 0.019799
-25.5 -0.52411 0.280605 160000 0.014925
-24 -0.46842 0.263888 160000 0.001006
-23.5 -0.44927 0.258456 160000 -0.00312
-23 -0.42999 0.25305 160000 -0.00736
-22.5 -0.41071 0.247526 160000 -0.01164
-22 -0.39151 0.241973 160000 -0.01605
-21.5 -0.37319 0.237045 160000 -0.02092
-21 -0.35575 0.231935 160000 -0.02547
-20.5 -0.33519 0.224888 160000 -0.02811
-20 -0.31593 0.219396 160000 -0.03151
-19.5 -0.29713 0.213962 160000 -0.03501
-19 -0.27891 0.208481 160000 -0.03851
-18.5 -0.26231 0.203433 160000 -0.04252
-18 -0.24961 0.1992 160000 -0.04663
-17.5 -0.22998 0.192143 160000 -0.04766
-17 -0.21661 0.187651 160000 -0.04897
-16.5 -0.21517 0.184901 160000 -0.04769
-16 -0.23822 0.185871 160000 -0.04068
-15.5 -0.23306 0.183345 160000 -0.04549
-15 -0.1932 0.172962 160000 -0.05195
-14.5 -0.15762 0.165244 160000 -0.05933
-14 -0.12307 0.157602 160000 -0.06827
-13.5 -0.0966 0.150337 160000 -0.0772
-13 -0.05323 0.141704 160000 -0.08397
-12.5 -0.0273 0.136082 160000 -0.09314
-12 0.00943 0.12699 160000 -0.09952
-11.5 0.039054 0.120852 160000 -0.10344
-11 0.058818 0.116248 160000 -0.10915
-10.5 0.073401 0.110888 160000 -0.11316
-10 0.100555 0.104757 160000 -0.11295
-9.5 0.118708 0.100452 160000 -0.11395
-9 0.132545 0.096862 160000 -0.11655
-8.5 0.121061 0.097267 160000 -0.12366
-8 0.163765 0.087806 160000 -0.11989
-7.5 0.186594 0.083668 160000 -0.12026
-7 0.200954 0.080336 160000 -0.12151
-6.5 0.222499 0.078262 160000 -0.13952
-6 0.246358 0.07177 160000 -0.1327
-5.5 0.270145 0.068383 160000 -0.13207
-5 0.347493 0.061653 160000 -0.15686
-4.5 0.359349 0.058546 160000 -0.14938
-4 0.41839 0.053756 160000 -0.15612
-3.5 0.481973 0.048221 160000 -0.1686
-3 0.564527 0.042601 160000 -0.17974
-2.5 0.623283 0.039436 160000 -0.18523
-2 0.721264 0.033558 160000 -0.19772
-1.5 0.777535 0.031942 160000 -0.19979
-1 0.883646 0.025108 160000 -0.21136
-0.5 0.944306 0.024283 160000 -0.21229
0 1.001459 0.023727 160000 -0.21261
0.5 1.060664 0.023415 160000 -0.21295
1 1.117864 0.022955 160000 -0.213
1.5 1.171356 0.022823 160000 -0.21261
2 1.236138 0.021926 160000 -0.21351
2.5 1.286794 0.021855 160000 -0.21265
3 1.33899 0.02085 160000 -0.2113
3.5 1.391497 0.021155 160000 -0.21054
4 1.439833 0.021687 160000 -0.20924
4.5 1.499074 0.021653 160000 -0.20949
5 1.550226 0.021761 160000 -0.20844
5.5 1.595697 0.022039 160000 -0.20652
6 1.640833 0.022374 160000 -0.2046
6.5 1.685044 0.022702 160000 -0.20252
7 1.726465 0.023086 160000 -0.2
7.5 1.764134 0.023602 160000 -0.19691
8 1.797333 0.024266 160000 -0.19314
8.5 1.828018 0.025017 160000 -0.18895
9 1.838101 0.026601 160000 -0.18198
9.5 1.851201 0.028421 160000 -0.17606
10 1.868379 0.030347 160000 -0.1711
10.5 1.876164 0.032934 160000 -0.1655
11 1.881 0.035948 160000 -0.1601
11.5 1.889932 0.038959 160000 -0.15547
12 1.899455 0.042099 160000 -0.15119
12.5 1.907353 0.045481 160000 -0.14709
13 1.913293 0.049147 160000 -0.14319
13.5 1.916889 0.053185 160000 -0.13954
14 1.919999 0.057461 160000 -0.13624
14.5 1.923536 0.061827 160000 -0.13328
15 1.926901 0.066301 160000 -0.13065
15.5 1.932614 0.070568 160000 -0.12836
16 1.918374 0.077489 160000 -0.12636
16.5 1.914606 0.083278 160000 -0.12476
17 1.914862 0.088569 160000 -0.12347
17.5 1.904001 0.095581 160000 -0.12285
18 1.888875 0.103449 160000 -0.12284
18.5 1.876818 0.111008 160000 -0.12331
19 1.866045 0.118509 160000 -0.12432
19.5 1.850978 0.126949 160000 -0.12623
20 1.827702 0.137221 160000 -0.12951
20.5 1.809504 0.146763 160000 -0.13306
21 1.794472 0.155876 160000 -0.13697
21.5 1.78263 0.164509 160000 -0.14113
22 1.778094 0.17164 160000 -0.14481
22.5 1.760228 0.182101 160000 -0.151
23 1.756234 0.189313 160000 -0.15541
23.5 1.754128 0.196345 160000 -0.16011
24 1.528923 0.269942 160000 -0.21203
24.5 1.567209 0.2639 160000 -0.20917
25 1.556289 0.277001 160000 -0.21908
25.5 1.649702 0.252287 160000 -0.20238
29.5 1.584962 0.379603 160000 -0.29986
30 1.603115 0.386796 160000 -0.29855
-30 -0.68436 0.32843 200000 0.06002
-29 -0.33598 0.250269 200000 -0.00409
-28.5 -0.32503 0.245854 200000 -0.00729
-28 -0.31402 0.241379 200000 -0.01049
-27.5 -0.30296 0.236827 200000 -0.01367
-26 -0.27024 0.223365 200000 -0.02323
-25.5 -0.25777 0.218869 200000 -0.026
-25 -0.24566 0.214708 200000 -0.02888
-24.5 -0.23368 0.210564 200000 -0.03173
-22.5 -0.19019 0.194942 200000 -0.04228
-22 -0.17942 0.191277 200000 -0.04367
-21.5 -0.17284 0.188801 200000 -0.04422
-21 -0.17678 0.18845 200000 -0.04175
-20.5 -0.19316 0.190267 200000 -0.03596
-20 -0.1754 0.185502 200000 -0.04062
-19.5 -0.15316 0.180304 200000 -0.04746
-19 -0.13347 0.175305 200000 -0.05381
-18 -0.24592 0.19646 200000 -0.04551
-17.5 -0.22887 0.191264 200000 -0.04757
-17 -0.2162 0.186784 200000 -0.04904
-16.5 -0.22164 0.185072 200000 -0.04598
-16 -0.22575 0.183219 200000 -0.04632
-15.5 -0.19136 0.174345 200000 -0.05401
-15 -0.15616 0.16665 200000 -0.06095
-14.5 -0.1213 0.15894 200000 -0.06906
-14 -0.1015 0.153519 200000 -0.08026
-13.5 -0.05788 0.143184 200000 -0.08461
-13 -0.02645 0.136386 200000 -0.09054
-12.5 -0.00771 0.13008 200000 -0.0985
-12 0.022388 0.123269 200000 -0.10026
-11.5 0.040185 0.118364 200000 -0.10223
-10.5 0.066756 0.108222 200000 -0.10594
-10 0.086632 0.103713 200000 -0.10617
-9.5 0.103328 0.099321 200000 -0.10815
-9 0.099068 0.098096 200000 -0.11635
-8.5 0.130069 0.090157 200000 -0.11437
-8 0.156372 0.085432 200000 -0.11451
-7.5 0.178721 0.081402 200000 -0.11619
-7 0.194913 0.078942 200000 -0.13118
-6.5 0.21845 0.0726 200000 -0.12964
-6 0.249183 0.068165 200000 -0.12859
-5.5 0.284366 0.064086 200000 -0.13297
-5 0.352105 0.056389 200000 -0.15434
-4.5 0.382977 0.053354 200000 -0.15165
-4 0.478192 0.044932 200000 -0.17483
-3.5 0.555298 0.036018 200000 -0.1874
-3 0.666624 0.024703 200000 -0.20749
-2.5 0.732107 0.0235 200000 -0.20964
-2 0.789054 0.022304 200000 -0.21095
-1.5 0.855514 0.021014 200000 -0.21288
-1 0.911606 0.020295 200000 -0.21352
-0.5 0.973649 0.019678 200000 -0.21433
0 1.029116 0.019295 200000 -0.21454
0.5 1.08945 0.018789 200000 -0.21515
1 1.143448 0.018716 200000 -0.21483
1.5 1.205614 0.018283 200000 -0.2156
2 1.257258 0.01815 200000 -0.21481
2.5 1.313006 0.018013 200000 -0.21493
3 1.363508 0.017117 200000 -0.21349
3.5 1.413305 0.017553 200000 -0.21242
4 1.468076 0.017817 200000 -0.21214
4.5 1.521466 0.017976 200000 -0.21157
5 1.56847 0.01827 200000 -0.20996
5.5 1.615015 0.018633 200000 -0.20833
6 1.660516 0.019026 200000 -0.20656
6.5 1.703385 0.019473 200000 -0.20435
7 1.742648 0.020034 200000 -0.20157
7.5 1.777107 0.020744 200000 -0.19803
8 1.804113 0.021611 200000 -0.19323
8.5 1.827573 0.022734 200000 -0.18805
9 1.839965 0.024437 200000 -0.18172
9.5 1.852752 0.026454 200000 -0.17602
10 1.864419 0.028775 200000 -0.17064
10.5 1.871112 0.031631 200000 -0.16523
11 1.878036 0.034742 200000 -0.16029
11.5 1.885368 0.038019 200000 -0.15572
12 1.891416 0.041535 200000 -0.15138
12.5 1.896853 0.045285 200000 -0.14739
13 1.901423 0.049305 200000 -0.14375
13.5 1.905554 0.053549 200000 -0.14045
14 1.909806 0.057954 200000 -0.13751
14.5 1.913262 0.062529 200000 -0.13484
15 1.916694 0.067195 200000 -0.13245
15.5 1.913675 0.072957 200000 -0.13053
16 1.912552 0.078539 200000 -0.12882
16.5 1.912532 0.08395 200000 -0.1273
17 1.90732 0.090278 200000 -0.12631
17.5 1.89735 0.097524 200000 -0.1259
18 1.888678 0.104543 200000 -0.12575
18.5 1.879321 0.11178 200000 -0.12612
19 1.863532 0.120467 200000 -0.12756
19.5 1.847905 0.12925 200000 -0.12954
20 1.831921 0.13815 200000 -0.13207
20.5 1.815211 0.147356 200000 -0.13531
21 1.799584 0.156526 200000 -0.13911
21.5 1.785373 0.165621 200000 -0.14342
22 1.771473 0.175008 200000 -0.14841
22.5 1.76297 0.183178 200000 -0.15304
23 1.762257 0.189502 200000 -0.15684
23.5 1.752586 0.198495 200000 -0.16276
24 1.75845 0.203347 200000 -0.16606
24.5 1.749731 0.21234 200000 -0.17259
25 1.759055 0.216404 200000 -0.17582
25.5 1.748635 0.225787 200000 -0.18314
26 1.736588 0.235942 200000 -0.19137
26.5 1.739934 0.241784 200000 -0.19657
27 1.730394 0.250827 200000 -0.20444
-30 -0.35674 0.259206 300000 0.002799
-29.5 -0.34665 0.254326 300000 -0.00053
-28.5 -0.32666 0.244672 300000 -0.0072
-28 -0.31514 0.240226 300000 -0.01027
-27.5 -0.30366 0.235939 300000 -0.01346
-27 -0.29217 0.231525 300000 -0.01662
-25 -0.24739 0.213588 300000 -0.02919
-24 -0.47053 0.262977 300000 0.001616
-23.5 -0.45134 0.257627 300000 -0.00241
-23 -0.43196 0.252265 300000 -0.00666
-22.5 -0.41255 0.246751 300000 -0.01091
-21 -0.18207 0.18786 300000 -0.04174
-20.5 -0.15719 0.181986 300000 -0.04749
-20 -0.13283 0.176643 300000 -0.0536
-19.5 -0.11011 0.171291 300000 -0.05925
-19 -0.08723 0.165972 300000 -0.06509
-18.5 -0.06687 0.160972 300000 -0.07133
-18 -0.05045 0.156312 300000 -0.07644
-17.5 -0.02442 0.150812 300000 -0.08092
-17 -0.00525 0.146701 300000 -0.08468
-16.5 0.01139 0.142754 300000 -0.08823
-16 0.008675 0.141867 300000 -0.09104
-15.5 0.026652 0.13644 300000 -0.09159
-14.5 0.05101 0.128717 300000 -0.09332
-14 0.04791 0.1253 300000 -0.09645
-13.5 0.068949 0.119125 300000 -0.09605
-13 0.083772 0.114746 300000 -0.09687
-12.5 -0.01783 0.127968 300000 -0.08888
-12 -0.0118 0.1235 300000 -0.09319
-11.5 0.008071 0.116973 300000 -0.09303
-11 0.028765 0.112379 300000 -0.09397
-10.5 0.038447 0.108062 300000 -0.09888
-10 0.051279 0.102099 300000 -0.10155
-9.5 0.079523 0.096941 300000 -0.1013
-9 0.101379 0.092527 300000 -0.10304
-8.5 0.119792 0.087887 300000 -0.10671
-8 0.122913 0.083387 300000 -0.1161
-7.5 0.156828 0.077481 300000 -0.11396
-7 0.18264 0.073623 300000 -0.11497
-5 0.449006 0.020821 300000 -0.20517
-4.5 0.472452 0.029839 300000 -0.19076
-4 0.578529 0.017269 300000 -0.2108
-3.5 0.635675 0.0175 300000 -0.21083
-3 0.696116 0.017079 300000 -0.21184
-2.5 0.755841 0.016425 300000 -0.21279
-2 0.815693 0.015948 300000 -0.21356
-1.5 0.874151 0.015707 300000 -0.21399
-1 0.933991 0.015012 300000 -0.21489
-0.5 0.991872 0.014884 300000 -0.21515
0 1.050098 0.014553 300000 -0.21564
0.5 1.107316 0.01439 300000 -0.21587
1 1.164653 0.014241 300000 -0.21601
1.5 1.219481 0.014173 300000 -0.2158
2 1.276915 0.014159 300000 -0.2161
2.5 1.331483 0.01407 300000 -0.21606
3 1.379829 0.013234 300000 -0.21466
3.5 1.43418 0.013493 300000 -0.21435
4 1.484604 0.013789 300000 -0.2134
4.5 1.534356 0.014095 300000 -0.21233
5 1.583399 0.014469 300000 -0.21119
5.5 1.630439 0.014892 300000 -0.20973
6 1.674794 0.01539 300000 -0.20783
6.5 1.716341 0.015991 300000 -0.2055
7 1.752905 0.016711 300000 -0.20233
7.5 1.780816 0.017592 300000 -0.19764
8 1.803618 0.018753 300000 -0.19234
8.5 1.824093 0.020236 300000 -0.18714
9 1.841145 0.022087 300000 -0.1819
9.5 1.854652 0.024351 300000 -0.17674
10 1.862823 0.027205 300000 -0.17137
10.5 1.871682 0.030262 300000 -0.16654
11 1.879858 0.033552 300000 -0.16202
11.5 1.886062 0.037142 300000 -0.15768
12 1.89129 0.041043 300000 -0.15369
12.5 1.896357 0.045143 300000 -0.15006
13 1.901668 0.049417 300000 -0.14682
13.5 1.90538 0.053986 300000 -0.14382
14 1.907313 0.058893 300000 -0.14106
14.5 1.911989 0.063761 300000 -0.1389
15 1.915582 0.068748 300000 -0.13682
15.5 1.915536 0.074201 300000 -0.13483
16 1.914036 0.080017 300000 -0.13324
16.5 1.912923 0.085915 300000 -0.13201
17 1.907978 0.092331 300000 -0.13099
17.5 1.900918 0.099185 300000 -0.13041
18 1.896235 0.105895 300000 -0.13029
18.5 1.887096 0.113239 300000 -0.13055
19 1.873297 0.121413 300000 -0.13148
19.5 1.858963 0.129878 300000 -0.13306
20 1.844651 0.138465 300000 -0.13523
20.5 1.827579 0.147629 300000 -0.13816
21 1.810466 0.157 300000 -0.14177
21.5 1.793598 0.166521 300000 -0.14606
22 1.776702 0.176217 300000 -0.15103
22.5 1.768245 0.184598 300000 -0.15573
23 1.75887 0.193033 300000 -0.16084
23.5 1.752503 0.201155 300000 -0.16616
24 1.749692 0.20836 300000 -0.1711
24.5 1.746743 0.215934 300000 -0.17662
25 1.750131 0.221572 300000 -0.18095
25.5 1.74863 0.228927 300000 -0.18673
26 1.750278 0.235359 300000 -0.19209
26.5 1.759288 0.239347 300000 -0.19574
27 1.753537 0.24787 300000 -0.20305
27.5 1.751747 0.255247 300000 -0.2097
28 1.755609 0.260892 300000 -0.21517
28.5 1.76088 0.265397 300000 -0.21997
29 1.736763 0.279799 300000 -0.23271
-30 -0.35836 0.258068 500000 0.003204
-29.5 -0.3477 0.253718 500000 -0.00015
-29 -0.33703 0.249154 500000 -0.00347
-28.5 -0.32635 0.244331 500000 -0.00673
-28 -0.31605 0.239253 500000 -0.01005
-27.5 -0.30667 0.234419 500000 -0.01352
-27 -0.29407 0.229897 500000 -0.01641
-26.5 -0.28185 0.225866 500000 -0.01956
-26 -0.26972 0.221653 500000 -0.02269
-25.5 -0.25773 0.21728 500000 -0.02577
-25 -0.24585 0.212743 500000 -0.02882
-24.5 -0.23495 0.20828 500000 -0.03202
-23 -0.43469 0.250732 500000 -0.00717
-22.5 -0.41505 0.245253 500000 -0.01076
-22 -0.39538 0.240024 500000 -0.01477
-21.5 -0.37573 0.234601 500000 -0.01883
-21 -0.35622 0.229008 500000 -0.02286
-20.5 -0.33689 0.223259 500000 -0.02682
-20 -0.3179 0.217128 500000 -0.03093
-19.5 -0.30003 0.21103 500000 -0.03526
-19 -0.28329 0.205052 500000 -0.03957
-17.5 -0.02884 0.149613 500000 -0.07733
-16.5 -0.18157 0.175909 500000 -0.05788
-16 -0.15915 0.16751 500000 -0.06578
-15.5 -0.13653 0.160266 500000 -0.06998
-15 -0.11812 0.155375 500000 -0.07122
-14.5 -0.10209 0.150483 500000 -0.0726
-14 -0.08712 0.144879 500000 -0.07464
-13.5 -0.0791 0.137409 500000 -0.07838
-13 -0.05781 0.132706 500000 -0.07944
-12.5 -0.03966 0.127826 500000 -0.08124
-12 -0.03043 0.120314 500000 -0.08519
-11.5 -0.00807 0.116009 500000 -0.08642
-11 -0.00618 0.110183 500000 -0.09337
-10.5 0.024098 0.104528 500000 -0.0924
-10 0.046484 0.100212 500000 -0.09401
-9.5 0.067004 0.095279 500000 -0.09684
-9 0.07038 0.088524 500000 -0.10456
-7.5 0.159738 0.018933 500000 -0.2016
-7 0.224764 0.016321 500000 -0.20574
-6.5 0.287676 0.014681 500000 -0.20805
-6 0.28191 0.034972 500000 -0.17297
-5.5 0.410156 0.012851 500000 -0.21068
-5 0.470035 0.012705 500000 -0.21124
-4.5 0.529863 0.012405 500000 -0.21191
-4 0.589597 0.012248 500000 -0.2125
-3.5 0.649104 0.012026 500000 -0.21307
-3 0.707718 0.012101 500000 -0.21339
-2.5 0.766926 0.011911 500000 -0.21397
-2 0.825524 0.011846 500000 -0.21435
-1.5 0.884831 0.011704 500000 -0.2149
-1 0.94311 0.011458 500000 -0.21534
-0.5 1.001415 0.011472 500000 -0.21565
0 1.059123 0.011252 500000 -0.21603
0.5 1.116628 0.011219 500000 -0.21627
1 1.172432 0.01119 500000 -0.21619
1.5 1.229114 0.011231 500000 -0.21639
2 1.284882 0.011226 500000 -0.21644
2.5 1.340442 0.011285 500000 -0.21654
3 1.39606 0.011185 500000 -0.21689
3.5 1.443056 0.010646 500000 -0.2152
4 1.494645 0.010966 500000 -0.2145
4.5 1.545061 0.01134 500000 -0.21364
5 1.593602 0.011774 500000 -0.21248
5.5 1.640177 0.012276 500000 -0.211
6 1.684302 0.012853 500000 -0.20913
6.5 1.724316 0.013531 500000 -0.20656
7 1.757441 0.014332 500000 -0.20273
7.5 1.786648 0.015318 500000 -0.1984
8 1.813288 0.016548 500000 -0.19399
8.5 1.836413 0.018095 500000 -0.18942
9 1.854148 0.020135 500000 -0.18453
9.5 1.868852 0.022587 500000 -0.17969
10 1.883499 0.025217 500000 -0.17522
10.5 1.895579 0.028173 500000 -0.1708
11 1.904727 0.031483 500000 -0.16643
11.5 1.913261 0.035007 500000 -0.16237
12 1.92295 0.038617 500000 -0.15876
12.5 1.930917 0.042566 500000 -0.15539
13 1.93746 0.046787 500000 -0.15223
13.5 1.941881 0.051374 500000 -0.14924
14 1.943815 0.056324 500000 -0.1464
14.5 1.950144 0.060907 500000 -0.14406
15 1.952273 0.066055 500000 -0.14179
15.5 1.948546 0.071945 500000 -0.13957
16 1.952276 0.077089 500000 -0.13792
16.5 1.951098 0.082901 500000 -0.13639
17 1.944502 0.089477 500000 -0.13509
17.5 1.942656 0.095529 500000 -0.13419
18 1.934573 0.102501 500000 -0.13361
18.5 1.921062 0.110339 500000 -0.13352
19 1.905131 0.118604 500000 -0.13397
19.5 1.890239 0.126894 500000 -0.13499
20 1.873172 0.135677 500000 -0.13674
20.5 1.856095 0.144612 500000 -0.13913
21 1.838604 0.153802 500000 -0.14224
22 1.806819 0.172405 500000 -0.15047
22.5 1.791044 0.181994 500000 -0.15558
23 1.781795 0.190498 500000 -0.16054
23.5 1.768221 0.199922 500000 -0.1665
24 1.763154 0.207813 500000 -0.17181
24.5 1.752564 0.216888 500000 -0.17826
25 1.750703 0.224279 500000 -0.18378
25.5 1.747348 0.231995 500000 -0.18981
26 1.747525 0.238673 500000 -0.1953
26.5 1.747401 0.245726 500000 -0.20124
27 1.748225 0.252442 500000 -0.20714
27.5 1.751201 0.258427 500000 -0.21267
28 1.757053 0.263471 500000 -0.2176
28.5 1.757011 0.27036 500000 -0.22411
29 1.758531 0.276727 500000 -0.23038
29.5 1.759787 0.283107 500000 -0.23682
30 1.767091 0.28722 500000 -0.2417
-21 -0.3614 0.22582 1000000 -0.0233
-20.5 -0.34154 0.220641 1000000 -0.02677
-20 -0.32172 0.215483 1000000 -0.03045
-19.5 -0.30202 0.210165 1000000 -0.03414
-19 -0.28244 0.204675 1000000 -0.03779
-18.5 -0.26346 0.198937 1000000 -0.04137
-18 -0.24459 0.192834 1000000 -0.04511
-17.5 -0.21973 0.184666 1000000 -0.05191
-17 -0.04059 0.144532 1000000 -0.07438
-16.5 -0.0259 0.141669 1000000 -0.07612
-16 -0.01405 0.139206 1000000 -0.07772
-15.5 -0.00475 0.136698 1000000 -0.07928
-9.5 -0.07149 0.017134 1000000 -0.20033
-9 -0.00964 0.015368 1000000 -0.20322
-8.5 0.051719 0.01397 1000000 -0.20536
-8 0.113411 0.012811 1000000 -0.20711
-7.5 0.174182 0.011996 1000000 -0.20831
-7 0.236318 0.010963 1000000 -0.20987
-6.5 0.296959 0.0104 1000000 -0.2108
-6 0.357847 0.009949 1000000 -0.21161
-5.5 0.418361 0.009511 1000000 -0.21241
-5 0.478854 0.009216 1000000 -0.2131
-4.5 0.538404 0.009134 1000000 -0.21353
-4 0.597794 0.009056 1000000 -0.214
-3.5 0.65772 0.008891 1000000 -0.21456
-3 0.716784 0.008867 1000000 -0.21495
-2.5 0.776095 0.008801 1000000 -0.21542
-2 0.835207 0.008756 1000000 -0.21587
-1.5 0.893601 0.008779 1000000 -0.2162
-1 0.952779 0.008667 1000000 -0.21672
0 1.06888 0.008648 1000000 -0.21736
0.5 1.125916 0.008726 1000000 -0.21755
1 1.183595 0.008747 1000000 -0.21788
1.5 1.240186 0.008841 1000000 -0.21805
2 1.296555 0.008937 1000000 -0.21821
2.5 1.352131 0.009057 1000000 -0.21828
3 1.406808 0.009198 1000000 -0.21826
3.5 1.461442 0.009244 1000000 -0.21845
4.5 1.560898 0.009299 1000000 -0.21661
5 1.610591 0.009755 1000000 -0.21571
5.5 1.65809 0.010284 1000000 -0.21445
6 1.703588 0.010863 1000000 -0.21286
6.5 1.746843 0.011475 1000000 -0.2109
7 1.784268 0.012207 1000000 -0.20787
7.5 1.812857 0.013221 1000000 -0.20334
8 1.837158 0.014592 1000000 -0.19847
8.5 1.863106 0.016036 1000000 -0.19425
9 1.887614 0.017694 1000000 -0.19016
9.5 1.909508 0.019636 1000000 -0.18603
10 1.927758 0.021955 1000000 -0.18178
10.5 1.948176 0.024221 1000000 -0.17806
11 1.96419 0.026906 1000000 -0.17411
11.5 1.977976 0.029835 1000000 -0.17018
12 1.989969 0.033066 1000000 -0.16641
12.5 1.999961 0.036594 1000000 -0.16276
13 2.008221 0.040443 1000000 -0.15929
13.5 2.014114 0.044654 1000000 -0.15597
14 2.024584 0.048538 1000000 -0.15326
14.5 2.029452 0.053096 1000000 -0.15044
15 2.032105 0.057953 1000000 -0.14776
15.5 2.036261 0.062738 1000000 -0.14541
16 2.034276 0.068318 1000000 -0.14307
16.5 2.028641 0.074372 1000000 -0.14088
17 2.023992 0.080446 1000000 -0.13906
17.5 2.013703 0.087332 1000000 -0.13747
18 1.998726 0.094874 1000000 -0.13617
18.5 1.981729 0.10291 1000000 -0.13542
19 1.964817 0.111094 1000000 -0.13524
19.5 1.946504 0.119542 1000000 -0.13559
20 1.93228 0.127633 1000000 -0.13653
20.5 1.917649 0.135948 1000000 -0.13811
21 1.901598 0.144576 1000000 -0.14033
21.5 1.889845 0.152651 1000000 -0.14292
22 1.87422 0.161566 1000000 -0.1464
22.5 1.862215 0.170081 1000000 -0.15027
23 1.847627 0.179188 1000000 -0.15496
23.5 1.834111 0.188276 1000000 -0.16012
24 1.82504 0.196569 1000000 -0.16524
24.5 1.810242 0.206143 1000000 -0.17158
25 1.799752 0.215041 1000000 -0.17783
25.5 1.793985 0.22304 1000000 -0.18376
26 1.783957 0.23208 1000000 -0.19075
26.5 1.773551 0.241355 1000000 -0.19818
27 1.771353 0.24875 1000000 -0.20443
27.5 1.7677 0.256514 1000000 -0.21118
28 1.763791 0.264378 1000000 -0.2182
28.5 1.759383 0.272341 1000000 -0.22552
29 1.759045 0.279271 1000000 -0.23214
29.5 1.760686 0.285569 1000000 -0.23842
30 1.759299 0.292682 1000000 -0.24552
-15.5 -0.21792 0.14498 3000000 -0.06212
-15 -0.1963 0.140604 3000000 -0.06478
-13 -0.27105 0.089329 3000000 -0.09244
-12 -0.35952 0.016399 3000000 -0.20039
-11.5 -0.2991 0.013801 3000000 -0.2039
-11 -0.23898 0.012492 3000000 -0.20562
-10.5 -0.17876 0.011557 3000000 -0.20686
-10 -0.11833 0.010806 3000000 -0.20789
-9.5 -0.05796 0.0102 3000000 -0.20876
-9 0.002565 0.009686 3000000 -0.20956
-8.5 0.063187 0.00925 3000000 -0.21028
-8 0.123719 0.008892 3000000 -0.21094
-7.5 0.184881 0.008369 3000000 -0.21183
-7 0.245872 0.007988 3000000 -0.21257
-6.5 0.306497 0.007718 3000000 -0.2132
-6 0.367238 0.007481 3000000 -0.21382
-5.5 0.428233 0.007173 3000000 -0.21455
-5 0.488748 0.00695 3000000 -0.2152
-4.5 0.549439 0.006729 3000000 -0.2159
-4 0.609799 0.006606 3000000 -0.21649
-3.5 0.66948 0.006586 3000000 -0.21695
-3 0.729702 0.006489 3000000 -0.21754
-2.5 0.789152 0.006489 3000000 -0.218
-2 0.848728 0.006463 3000000 -0.21851
-1.5 0.907789 0.006483 3000000 -0.21897
-1 0.967019 0.006482 3000000 -0.21948
-0.5 1.025378 0.006565 3000000 -0.21986
0 1.084291 0.006575 3000000 -0.22038
0.5 1.14216 0.00669 3000000 -0.22071
1 1.199418 0.006824 3000000 -0.221
1.5 1.255866 0.007025 3000000 -0.22115
2 1.311858 0.007231 3000000 -0.22128
2.5 1.367208 0.007468 3000000 -0.22132
3 1.422355 0.007697 3000000 -0.22136
3.5 1.477141 0.007921 3000000 -0.22139
4 1.531097 0.008162 3000000 -0.22134
4.5 1.584744 0.008369 3000000 -0.22136
5.5 1.68218 0.008771 3000000 -0.21958
6 1.727111 0.009479 3000000 -0.21793
6.5 1.771369 0.010141 3000000 -0.21619
7 1.813758 0.010794 3000000 -0.21411
7.5 1.853343 0.011446 3000000 -0.21152
8 1.884628 0.012257 3000000 -0.20739
8.5 1.914317 0.013263 3000000 -0.20327
9 1.943605 0.014403 3000000 -0.19941
9.5 1.965024 0.016073 3000000 -0.19465
10 1.991413 0.017629 3000000 -0.19099
10.5 2.015268 0.019434 3000000 -0.18725
11 2.037826 0.021431 3000000 -0.18362
11.5 2.057436 0.023697 3000000 -0.17984
12 2.075188 0.026191 3000000 -0.17612
12.5 2.092213 0.028796 3000000 -0.17254
13 2.105078 0.031887 3000000 -0.16884
13.5 2.112905 0.03553 3000000 -0.16499
14 2.122724 0.039163 3000000 -0.16166
14.5 2.124197 0.043692 3000000 -0.15795
15 2.118487 0.049062 3000000 -0.15411
15.5 2.1144 0.054502 3000000 -0.15084
16 2.111163 0.059923 3000000 -0.14792
16.5 2.106279 0.065686 3000000 -0.14527
17 2.100905 0.071633 3000000 -0.14296
17.5 2.09417 0.077796 3000000 -0.14091
18 2.087949 0.084074 3000000 -0.13928
18.5 2.07463 0.091345 3000000 -0.13787
19 2.063465 0.098397 3000000 -0.13688
19.5 2.053813 0.105396 3000000 -0.13636
20 2.044047 0.112487 3000000 -0.13626
20.5 2.03141 0.119965 3000000 -0.13656
21 2.022036 0.127138 3000000 -0.13734
21.5 2.007054 0.135233 3000000 -0.13878
22 1.997802 0.142562 3000000 -0.14057
22.5 1.981939 0.150944 3000000 -0.14313
23 1.970256 0.158846 3000000 -0.14607
23.5 1.960331 0.166576 3000000 -0.14942
24 1.948267 0.174778 3000000 -0.15345
24.5 1.935572 0.183206 3000000 -0.15806
25 1.927701 0.190845 3000000 -0.16265
25.5 1.91851 0.198686 3000000 -0.16773
26 1.908199 0.206858 3000000 -0.17335
26.5 1.896773 0.215387 3000000 -0.17955
27 1.884663 0.22419 3000000 -0.18626
27.5 1.873156 0.232991 3000000 -0.19328
28 1.86604 0.240908 3000000 -0.19992
28.5 1.858629 0.248931 3000000 -0.20688
29 1.852023 0.256793 3000000 -0.21394
29.5 1.84817 0.264005 3000000 -0.22069
30 1.839336 0.272452 3000000 -0.22863