George_2_main				rows = 655
-4	-0.1021	0.0685	13000	-0.0422
-3	-0.1273	0.06318	13000	-0.0364
-2	-0.1617	0.05792	13000	-0.0288
-1	-0.1902	0.05259	13000	-0.0223
0	-0.1106	0.05302	13000	-0.0315
1	-0.018	0.05639	13000	-0.0384
2	0.0661	0.06079	13000	-0.0427
3	0.1434	0.066	13000	-0.0459
4	0.2148	0.072	13000	-0.0487
5	0.2808	0.07882	13000	-0.0513
6	0.3412	0.08652	13000	-0.054
7	0.3964	0.09516	13000	-0.0571
8	0.4463	0.10479	13000	-0.0605
9	0.4914	0.11544	13000	-0.0646
10	0.5324	0.12709	13000	-0.0694
11	0.5706	0.13965	13000	-0.0751
12	0.6074	0.153	13000	-0.0818
13	0.6441	0.16699	13000	-0.0892
14	0.7172	0.18675	13000	-0.1058
15	0.7776	0.2038	13000	-0.1178
-5	-0.5041	0.06604	25000	-0.0471
-4	-0.4037	0.05222	25000	-0.0558
-3	-0.3754	0.05116	25000	-0.0259
-2	-0.3852	0.0495	25000	0.0107
-1	-0.1813	0.04712	25000	-0.0195
0	-0.1156	0.04551	25000	-0.0323
1	-0.0023	0.04981	25000	-0.0451
2	0.0864	0.05487	25000	-0.0507
3	0.1643	0.06061	25000	-0.0544
4	0.2351	0.0671	25000	-0.0573
5	0.2996	0.07441	25000	-0.0601
6	0.3585	0.08265	25000	-0.063
7	0.4118	0.09191	25000	-0.0661
8	0.4606	0.10228	25000	-0.07
9	0.5536	0.11857	25000	-0.0842
10	0.6233	0.13307	25000	-0.0933
11	0.682	0.14706	25000	-0.1
12	0.7373	0.16147	25000	-0.106
13	0.784	0.17578	25000	-0.111
14	0.8146	0.18669	25000	-0.1148
15	0.8558	0.20016	25000	-0.12
-5	-0.4736	0.04698	50000	-0.0638
-4	-0.3735	0.04039	50000	-0.0644
-3	-0.2716	0.03805	50000	-0.0631
-2	-0.2327	0.04156	50000	-0.0466
-1	-0.162	0.04292	50000	-0.0418
0	-0.1047	0.04311	50000	-0.0346
1	0.0104	0.04615	50000	-0.0512
2	0.1044	0.05181	50000	-0.0586
3	0.228	0.06016	50000	-0.071
4	0.3303	0.06812	50000	-0.0793
5	0.4218	0.07606	50000	-0.0854
6	0.5188	0.08492	50000	-0.0918
7	0.7013	0.08464	50000	-0.097
8	0.7849	0.08953	50000	-0.0961
9	0.8914	0.09151	50000	-0.0943
11	1.3622	0.05105	50000	-0.0824
12	1.4324	0.05397	50000	-0.0741
13	1.4826	0.06278	50000	-0.0682
14	1.4735	0.07632	50000	-0.06
15	1.3606	0.09946	50000	-0.0541
-5	-0.4757	0.0426	75000	-0.0633
-4	-0.2926	0.03755	75000	-0.0776
-3	-0.1358	0.03673	75000	-0.0881
-2	-0.0254	0.039	75000	-0.0883
-1	0.08	0.04063	75000	-0.0886
0	0.1637	0.0417	75000	-0.0842
1	0.2774	0.04301	75000	-0.0899
2	0.4037	0.04629	75000	-0.0983
3	0.5157	0.04953	75000	-0.1025
4	0.6268	0.05248	75000	-0.1054
5	0.7033	0.05658	75000	-0.1038
6	0.8178	0.05813	75000	-0.1048
7	0.9107	0.05979	75000	-0.1024
9	1.3035	0.03806	75000	-0.1055
10	1.3995	0.03487	75000	-0.0982
11	1.4035	0.03955	75000	-0.0831
12	1.4249	0.04662	75000	-0.0732
13	1.4746	0.05382	75000	-0.0676
14	1.5393	0.06195	75000	-0.0641
15	1.572	0.07254	75000	-0.0591
-5	-0.2858	0.03636	100000	-0.0935
-4	-0.1296	0.03057	100000	-0.1051
-3	-0.0177	0.03233	100000	-0.1059
-2	0.1135	0.03298	100000	-0.1101
-1	0.212	0.03402	100000	-0.1087
0	0.3013	0.03495	100000	-0.1047
1	0.4038	0.03436	100000	-0.1022
2	0.5276	0.03639	100000	-0.1093
3	0.6374	0.03837	100000	-0.1119
4	0.7446	0.04001	100000	-0.1129
5	0.8912	0.03823	100000	-0.1169
6	1.0778	0.03252	100000	-0.1244
7	1.2129	0.02945	100000	-0.1251
8	1.3642	0.0261	100000	-0.1286
9	1.4111	0.02673	100000	-0.1159
10	1.4207	0.02986	100000	-0.0996
11	1.4035	0.03677	100000	-0.0835
12	1.4053	0.04482	100000	-0.0729
13	1.448	0.05141	100000	-0.067
14	1.5174	0.05761	100000	-0.0637
15	1.5615	0.06611	100000	-0.0593
-5	-0.148	0.02795	150000	-0.1131
-3	0.121	0.02385	150000	-0.1256
-2	0.2517	0.02324	150000	-0.1293
-1	0.3804	0.02252	150000	-0.1319
0	0.5058	0.02165	150000	-0.1331
3	0.8865	0.01906	150000	-0.1409
4	1.0126	0.01906	150000	-0.1444
5	1.1412	0.01864	150000	-0.1474
6	1.247	0.01855	150000	-0.1458
7	1.3411	0.01882	150000	-0.1421
8	1.397	0.01981	150000	-0.1313
9	1.4252	0.02203	150000	-0.1167
10	1.4265	0.02666	150000	-0.1004
11	1.407	0.03455	150000	-0.0854
12	1.4053	0.04305	150000	-0.0755
13	1.4245	0.05076	150000	-0.0688
14	1.4596	0.05757	150000	-0.0637
15	1.5044	0.06398	150000	-0.0594
-5	-0.0534	0.02181	200000	-0.1279
-3	0.2176	0.01762	200000	-0.14
-1	0.487	0.01561	200000	-0.1485
0	0.616	0.01496	200000	-0.1512
1	0.7221	0.01479	200000	-0.1493
2	0.832	0.01422	200000	-0.148
3	0.9474	0.01407	200000	-0.1491
4	1.0702	0.01441	200000	-0.1526
5	1.1738	0.0148	200000	-0.1514
6	1.2669	0.01533	200000	-0.148
7	1.3453	0.01617	200000	-0.1417
8	1.3934	0.01762	200000	-0.1299
9	1.4219	0.02041	200000	-0.116
10	1.4223	0.02576	200000	-0.1005
11	1.4135	0.03346	200000	-0.0873
12	1.4184	0.04163	200000	-0.0784
13	1.4317	0.04987	200000	-0.0717
14	1.4573	0.05746	200000	-0.0667
15	1.4867	0.06487	200000	-0.0625
-4	0.1475	0.01485	250000	-0.1459
-3	0.2805	0.01389	250000	-0.1503
-2	0.4122	0.01295	250000	-0.1544
-1	0.5413	0.01229	250000	-0.1578
0	0.6515	0.01227	250000	-0.1572
1	0.7643	0.01226	250000	-0.157
2	0.8717	0.01224	250000	-0.1558
3	0.9632	0.01218	250000	-0.1512
4	1.0843	0.01246	250000	-0.1543
5	1.1832	0.01298	250000	-0.1524
6	1.2714	0.01371	250000	-0.1482
7	1.3391	0.01474	250000	-0.1399
8	1.3886	0.01649	250000	-0.1288
9	1.4166	0.01971	250000	-0.1154
10	1.4195	0.0254	250000	-0.1007
11	1.4231	0.03252	250000	-0.0893
12	1.4334	0.04029	250000	-0.0808
13	1.4491	0.04839	250000	-0.0744
14	1.4672	0.05669	250000	-0.0692
15	1.4869	0.06534	250000	-0.0657
-5	0.0571	0.0147	300000	-0.147
-4	0.1866	0.01254	300000	-0.1524
-3	0.3154	0.01174	300000	-0.1561
-2	0.4433	0.01104	300000	-0.1597
-1	0.5557	0.01076	300000	-0.1599
0	0.67	0.01076	300000	-0.1604
1	0.7833	0.01089	300000	-0.1605
2	0.8865	0.01107	300000	-0.1587
3	0.9844	0.0112	300000	-0.1558
4	1.0866	0.01131	300000	-0.1541
5	1.1847	0.01191	300000	-0.1522
6	1.2704	0.01273	300000	-0.1477
7	1.3346	0.01387	300000	-0.1388
8	1.3851	0.01583	300000	-0.1282
9	1.412	0.0194	300000	-0.1149
10	1.4208	0.02507	300000	-0.1015
11	1.4332	0.03167	300000	-0.091
12	1.4509	0.0388	300000	-0.0831
13	1.47	0.04655	300000	-0.0768
14	1.4855	0.05521	300000	-0.0719
15	1.501	0.06447	300000	-0.0685
-5	0.0841	0.01245	350000	-0.1524
-4	0.2105	0.01108	350000	-0.1565
-3	0.3336	0.01048	350000	-0.1591
-2	0.4497	0.01004	350000	-0.1603
-1	0.5663	0.00977	350000	-0.1616
0	0.6808	0.0098	350000	-0.1622
1	0.7883	0.01002	350000	-0.1614
2	0.8938	0.01027	350000	-0.1602
3	0.9941	0.01049	350000	-0.1579
4	1.0861	0.01052	350000	-0.1536
5	1.1832	0.01118	350000	-0.1517
6	1.2669	0.01205	350000	-0.1468
7	1.3316	0.01329	350000	-0.1381
8	1.3826	0.01541	350000	-0.1278
9	1.4089	0.01925	350000	-0.1148
10	1.4242	0.02472	350000	-0.1024
11	1.4443	0.03079	350000	-0.0927
12	1.4674	0.03742	350000	-0.0851
13	1.4852	0.0452	350000	-0.0786
14	1.5073	0.05321	350000	-0.074
15	1.5242	0.06227	350000	-0.0706
-5	0.1023	0.01125	400000	-0.1557
-4	0.2227	0.01012	400000	-0.1584
-3	0.3392	0.00969	400000	-0.1598
-1	0.5721	0.00909	400000	-0.1624
0	0.6833	0.00916	400000	-0.1625
1	0.7928	0.0094	400000	-0.1622
2	0.8991	0.00967	400000	-0.1612
3	1.0005	0.00996	400000	-0.1593
4	1.0883	0.01014	400000	-0.1543
5	1.1819	0.01063	400000	-0.1513
6	1.2627	0.01152	400000	-0.1458
7	1.3297	0.01287	400000	-0.1378
8	1.3804	0.01515	400000	-0.1275
9	1.4083	0.0191	400000	-0.115
10	1.4294	0.02432	400000	-0.1034
11	1.455	0.02996	400000	-0.0942
12	1.4784	0.0365	400000	-0.0865
13	1.505	0.04343	400000	-0.0806
14	1.5223	0.05179	400000	-0.0755
15	1.5416	0.06055	400000	-0.0721
-5	0.111	0.01059	450000	-0.157
-4	0.2267	0.00948	450000	-0.1589
-3	0.3473	0.00906	450000	-0.1611
-2	0.4606	0.00879	450000	-0.1618
-1	0.5749	0.00861	450000	-0.1628
0	0.6876	0.00867	450000	-0.1632
1	0.7967	0.00891	450000	-0.1629
2	0.902	0.0092	450000	-0.1617
3	1.0038	0.00952	450000	-0.16
4	1.0943	0.00981	450000	-0.1557
5	1.181	0.01022	450000	-0.151
6	1.2606	0.01114	450000	-0.1453
7	1.3288	0.01256	450000	-0.1376
8	1.3795	0.01495	450000	-0.1275
9	1.4077	0.01902	450000	-0.1151
10	1.4345	0.02394	450000	-0.1044
11	1.4635	0.02932	450000	-0.0955
12	1.4937	0.03525	450000	-0.0882
13	1.5184	0.04223	450000	-0.082
14	1.5443	0.04966	450000	-0.0773
15	1.5619	0.05846	450000	-0.0734
-5	0.1148	0.0102	500000	-0.1573
-4	0.2327	0.00896	500000	-0.1598
-3	0.3482	0.00864	500000	-0.161
-2	0.4651	0.00839	500000	-0.1625
-1	0.5774	0.00823	500000	-0.1631
0	0.6882	0.00828	500000	-0.1632
1	0.7973	0.00852	500000	-0.1629
2	0.9036	0.00883	500000	-0.1621
3	1.0052	0.00917	500000	-0.1603
5	1.1797	0.00989	500000	-0.1507
6	1.2586	0.01086	500000	-0.1448
7	1.3279	0.01232	500000	-0.1375
8	1.3787	0.01482	500000	-0.1275
9	1.4093	0.01888	500000	-0.1156
10	1.4392	0.02361	500000	-0.1052
11	1.4725	0.02865	500000	-0.0967
12	1.502	0.03457	500000	-0.0893
13	1.5344	0.0408	500000	-0.0835
14	1.5597	0.04818	500000	-0.0786
15	1.5814	0.05646	500000	-0.0747
-5	0.1198	0.00984	550000	-0.158
-4	0.2356	0.00858	550000	-0.1602
-3	0.351	0.00827	550000	-0.1614
-2	0.4652	0.00808	550000	-0.1624
-1	0.5789	0.00794	550000	-0.1632
0	0.6909	0.00799	550000	-0.1637
1	0.7991	0.00822	550000	-0.1632
2	0.9048	0.00852	550000	-0.1623
3	1.0069	0.0089	550000	-0.1606
4	1.0993	0.00928	550000	-0.1569
5	1.179	0.0096	550000	-0.1505
6	1.2585	0.0106	550000	-0.1448
7	1.3271	0.01215	550000	-0.1374
8	1.378	0.01474	550000	-0.1276
9	1.4111	0.01873	550000	-0.1161
10	1.4451	0.02321	550000	-0.1062
11	1.4796	0.02812	550000	-0.0978
12	1.5146	0.03355	550000	-0.0907
13	1.5435	0.03999	550000	-0.0845
14	1.5677	0.04744	550000	-0.0793
15	1.5916	0.05543	550000	-0.0755
-5	0.1248	0.00954	600000	-0.1588
-4	0.2367	0.00827	600000	-0.1602
-3	0.3532	0.00798	600000	-0.1617
-2	0.4672	0.00781	600000	-0.1626
-1	0.5796	0.00769	600000	-0.1633
0	0.6907	0.00772	600000	-0.1635
1	0.7998	0.00795	600000	-0.1633
2	0.9059	0.00827	600000	-0.1625
3	1.0074	0.00863	600000	-0.1607
4	1.1002	0.00909	600000	-0.1572
5	1.1772	0.00938	600000	-0.1501
6	1.2582	0.0104	600000	-0.1448
7	1.3273	0.012	600000	-0.1375
8	1.3775	0.01469	600000	-0.1276
9	1.4129	0.0186	600000	-0.1165
10	1.4499	0.02288	600000	-0.107
11	1.4877	0.02754	600000	-0.0989
12	1.5228	0.03289	600000	-0.0918
13	1.555	0.03899	600000	-0.0857
14	1.5845	0.04584	600000	-0.0807
15	1.609	0.05365	600000	-0.0766
-5	0.1254	0.00938	650000	-0.1586
-4	0.239	0.00801	650000	-0.1605
-3	0.3535	0.00774	650000	-0.1616
-2	0.4682	0.0076	650000	-0.1627
-1	0.5811	0.0075	650000	-0.1635
0	0.6916	0.00751	650000	-0.1636
1	0.8004	0.00773	650000	-0.1634
2	0.9063	0.00804	650000	-0.1626
3	1.0081	0.00843	650000	-0.1609
4	1.1013	0.00888	650000	-0.1574
5	1.1805	0.00932	650000	-0.1509
6	1.2583	0.01023	650000	-0.1448
7	1.3281	0.01186	650000	-0.1378
8	1.3773	0.01465	650000	-0.1277
9	1.415	0.01846	650000	-0.117
10	1.4545	0.02258	650000	-0.1078
11	1.4928	0.02717	650000	-0.0996
12	1.5289	0.0324	650000	-0.0925
13	1.5662	0.03803	650000	-0.0868
14	1.5964	0.04474	650000	-0.0817
15	1.6212	0.05241	650000	-0.0775
-5	0.1265	0.00921	700000	-0.1587
-4	0.2407	0.00779	700000	-0.1608
-3	0.3547	0.00752	700000	-0.1618
-2	0.4685	0.0074	700000	-0.1627
-1	0.5813	0.00731	700000	-0.1634
0	0.6924	0.00734	700000	-0.1638
1	0.801	0.00755	700000	-0.1635
2	0.907	0.00787	700000	-0.1627
3	1.0083	0.00825	700000	-0.1609
4	1.1018	0.00873	700000	-0.1576
5	1.1831	0.00923	700000	-0.1516
6	1.2588	0.01008	700000	-0.145
7	1.3286	0.01175	700000	-0.1379
8	1.3775	0.01461	700000	-0.1279
9	1.4177	0.01829	700000	-0.1175
10	1.4588	0.02229	700000	-0.1085
11	1.4994	0.02669	700000	-0.1006
12	1.5383	0.03167	700000	-0.0937
13	1.5741	0.03735	700000	-0.0876
14	1.6045	0.04399	700000	-0.0824
15	1.6294	0.05159	700000	-0.0781
-5	0.1283	0.00906	750000	-0.1589
-4	0.2408	0.00762	750000	-0.1607
-3	0.3561	0.00736	750000	-0.162
-2	0.4693	0.00724	750000	-0.1627
-1	0.5817	0.00716	750000	-0.1634
0	0.6926	0.00717	750000	-0.1638
1	0.8015	0.00737	750000	-0.1636
2	0.9075	0.00769	750000	-0.1628
3	1.009	0.00807	750000	-0.1611
4	1.1026	0.00858	750000	-0.1578
5	1.1845	0.00913	750000	-0.152
6	1.259	0.00997	750000	-0.145
7	1.3289	0.01167	750000	-0.1381
8	1.3778	0.01457	750000	-0.1281
9	1.4197	0.01817	750000	-0.118
10	1.4632	0.02201	750000	-0.1092
11	1.5051	0.02629	750000	-0.1014
12	1.5453	0.03112	750000	-0.0945
13	1.5799	0.03686	750000	-0.0883
14	1.6108	0.04341	750000	-0.083
15	1.6379	0.05075	750000	-0.0787
-5	0.1303	0.00892	800000	-0.1592
-4	0.2415	0.00744	800000	-0.1608
-3	0.3561	0.0072	800000	-0.1619
-2	0.47	0.00711	800000	-0.1628
-1	0.5822	0.00704	800000	-0.1635
0	0.693	0.00703	800000	-0.1638
1	0.8019	0.00722	800000	-0.1636
2	0.908	0.00753	800000	-0.1629
3	1.0091	0.00793	800000	-0.1611
4	1.1034	0.00844	800000	-0.158
5	1.1861	0.00902	800000	-0.1524
6	1.2599	0.00985	800000	-0.1453
7	1.3301	0.01158	800000	-0.1384
8	1.3784	0.01453	800000	-0.1282
9	1.4219	0.01803	800000	-0.1184
10	1.466	0.02183	800000	-0.1097
11	1.509	0.02601	800000	-0.102
12	1.5506	0.03071	800000	-0.0952
13	1.5873	0.03625	800000	-0.0891
14	1.6211	0.04247	800000	-0.0839
15	1.6476	0.0498	800000	-0.0794
-5	0.1304	0.00881	850000	-0.1591
-4	0.2425	0.00731	850000	-0.1609
-3	0.3566	0.00705	850000	-0.1619
-2	0.4702	0.00697	850000	-0.1628
-1	0.5826	0.00693	850000	-0.1635
0	0.6933	0.00693	850000	-0.1638
1	0.8022	0.0071	850000	-0.1637
2	0.9084	0.0074	850000	-0.163
3	1.0093	0.00782	850000	-0.1611
4	1.1034	0.00835	850000	-0.158
5	1.1863	0.00896	850000	-0.1525
6	1.2605	0.00976	850000	-0.1454
7	1.3305	0.01153	850000	-0.1385
8	1.3787	0.0145	850000	-0.1284
9	1.4242	0.0179	850000	-0.1188
10	1.4704	0.02155	850000	-0.1104
11	1.5136	0.02569	850000	-0.1026
12	1.5552	0.03036	850000	-0.0958
13	1.5953	0.03559	850000	-0.0899
14	1.6289	0.04177	850000	-0.0846
15	1.6547	0.0491	850000	-0.08
-5	0.1307	0.0087	900000	-0.1591
-4	0.2432	0.0072	900000	-0.161
-3	0.357	0.00692	900000	-0.162
-2	0.4706	0.00685	900000	-0.1628
-1	0.583	0.00681	900000	-0.1635
0	0.6938	0.00682	900000	-0.1639
1	0.8024	0.007	900000	-0.1637
3	1.0101	0.00769	900000	-0.1613
4	1.1043	0.00822	900000	-0.1582
5	1.1881	0.00885	900000	-0.1529
6	1.2613	0.00967	900000	-0.1456
7	1.3307	0.01149	900000	-0.1386
8	1.3797	0.01444	900000	-0.1287
9	1.4264	0.01777	900000	-0.1193
10	1.4736	0.02134	900000	-0.111
11	1.5189	0.02533	900000	-0.1034
12	1.5609	0.02994	900000	-0.0965
13	1.6016	0.03507	900000	-0.0906
14	1.6352	0.0412	900000	-0.0852
15	1.6595	0.04863	900000	-0.0804
-5	0.1314	0.0086	950000	-0.1592
-4	0.2434	0.00708	950000	-0.161
-2	0.4709	0.00675	950000	-0.1629
-1	0.5833	0.00671	950000	-0.1635
0	0.6942	0.00671	950000	-0.1639
1	0.8031	0.00688	950000	-0.1638
2	0.9092	0.00717	950000	-0.1631
3	1.0105	0.00759	950000	-0.1614
4	1.1052	0.00812	950000	-0.1584
5	1.189	0.00878	950000	-0.1531
6	1.2623	0.00959	950000	-0.1459
7	1.3313	0.01145	950000	-0.1388
8	1.3806	0.01439	950000	-0.1289
9	1.4282	0.01767	950000	-0.1196
10	1.4759	0.0212	950000	-0.1114
11	1.5229	0.02506	950000	-0.104
12	1.5669	0.02949	950000	-0.0972
13	1.6065	0.03467	950000	-0.0912
14	1.6402	0.04075	950000	-0.0857
15	1.665	0.04809	950000	-0.0808
-5	0.132	0.0085	1000000	-0.1593
-4	0.2437	0.00699	1000000	-0.161
-3	0.3578	0.00672	1000000	-0.1621
-2	0.4711	0.00668	1000000	-0.1629
-1	0.5835	0.00663	1000000	-0.1635
0	0.6945	0.00662	1000000	-0.164
1	0.8035	0.00677	1000000	-0.1639
2	0.9099	0.00707	1000000	-0.1633
3	1.0103	0.00751	1000000	-0.1614
5	1.1892	0.00873	1000000	-0.1532
6	1.2627	0.00954	1000000	-0.146
7	1.3314	0.01143	1000000	-0.1389
8	1.381	0.01437	1000000	-0.129
9	1.4308	0.01752	1000000	-0.1201
10	1.4794	0.02098	1000000	-0.1119
11	1.526	0.02484	1000000	-0.1044
12	1.5719	0.02912	1000000	-0.0979
13	1.6107	0.03433	1000000	-0.0916
14	1.6446	0.04035	1000000	-0.0861
15	1.6708	0.04754	1000000	-0.0812
-5	0.1328	0.00834	1100000	-0.1593
-4	0.2444	0.00683	1100000	-0.161
-3	0.3583	0.00654	1100000	-0.1621
-2	0.4718	0.00649	1100000	-0.163
-1	0.584	0.00649	1100000	-0.1636
1	0.8039	0.00663	1100000	-0.164
2	0.9102	0.00691	1100000	-0.1633
3	1.0119	0.00732	1100000	-0.1617
4	1.107	0.00788	1100000	-0.1588
5	1.1917	0.00859	1100000	-0.1538
6	1.2641	0.00944	1100000	-0.1464
7	1.3316	0.01141	1100000	-0.1391
8	1.3826	0.01429	1100000	-0.1295
9	1.4343	0.01733	1100000	-0.1208
10	1.4851	0.02063	1100000	-0.1129
11	1.5328	0.02439	1100000	-0.1054
12	1.5791	0.02858	1100000	-0.0988
13	1.6194	0.03362	1100000	-0.0926
14	1.6558	0.03938	1100000	-0.0872
15	1.6763	0.047	1100000	-0.0817
-6.18	0.0000	0.00939	1200000	-0.15801
-5.74	0.0500	0.00895	1200000	-0.15852
-5	0.1332	0.00817	1200000	-0.1594
-4	0.245	0.0067	1200000	-0.161
-3	0.3586	0.0064	1200000	-0.1621
-2	0.4721	0.00635	1200000	-0.163
-1	0.5846	0.00634	1200000	-0.1637
0	0.6957	0.00635	1200000	-0.1641
1	0.8049	0.00648	1200000	-0.1642
3	1.0121	0.00721	1200000	-0.1618
4	1.1078	0.00777	1200000	-0.159
5	1.1933	0.00848	1200000	-0.1542
6	1.2716	0.00957	1200000	-0.1483
7	1.3315	0.01142	1200000	-0.1392
8	1.3845	0.01419	1200000	-0.1299
9	1.4383	0.0171	1200000	-0.1215
10	1.4896	0.02036	1200000	-0.1136
11	1.5402	0.0239	1200000	-0.1065
12	1.5855	0.02812	1200000	-0.0997
13	1.6294	0.03281	1200000	-0.0937
14	1.6647	0.0386	1200000	-0.088
15	1.6797	0.04667	1200000	-0.0821
-6.18	0.0000	0.00918	1300000	-0.15809
-5.74	0.0500	0.00873	1300000	-0.15857
-5.30	0.1000	0.00835	1300000	-0.15906
-5	0.1336	0.00805	1300000	-0.1594
-4	0.2454	0.00658	1300000	-0.1611
-3	0.3592	0.00627	1300000	-0.1622
-2	0.4723	0.00625	1300000	-0.163
-1	0.5848	0.00624	1300000	-0.1637
0	0.6963	0.00625	1300000	-0.1642
1	0.8058	0.00635	1300000	-0.1643
2	0.9124	0.00663	1300000	-0.1638
3	1.0138	0.00707	1300000	-0.1622
4	1.1098	0.00764	1300000	-0.1595
5	1.1947	0.00841	1300000	-0.1545
6	1.2741	0.00956	1300000	-0.1489
7	1.3313	0.01143	1300000	-0.1392
8	1.3866	0.01409	1300000	-0.1304
9	1.4417	0.01692	1300000	-0.1222
10	1.495	0.02004	1300000	-0.1145
11	1.5457	0.02354	1300000	-0.1073
12	1.5934	0.02755	1300000	-0.1007
13	1.6369	0.03223	1300000	-0.0946
14	1.6707	0.03808	1300000	-0.0886
15	1.6759	0.04702	1300000	-0.0819
-5	0.1338	0.00793	1400000	-0.1594
-4	0.2457	0.0065	1400000	-0.1611
-3	0.3595	0.00615	1400000	-0.1623
-2	0.473	0.00612	1400000	-0.1631
-1	0.5853	0.00614	1400000	-0.1638
0	0.6963	0.00617	1400000	-0.1642
1	0.8061	0.00627	1400000	-0.1644
2	0.9126	0.00655	1400000	-0.1638
3	1.0146	0.00698	1400000	-0.1623
4	1.1107	0.00755	1400000	-0.1597
5	1.1967	0.00831	1400000	-0.155
7	1.3314	0.01143	1400000	-0.1394
8	1.3882	0.01402	1400000	-0.1307
9	1.4452	0.01673	1400000	-0.1228
10	1.4986	0.01982	1400000	-0.1151
11	1.55	0.02327	1400000	-0.1079
12	1.5998	0.0271	1400000	-0.1015
13	1.6427	0.03178	1400000	-0.0953
14	1.6774	0.0375	1400000	-0.0893
15	1.6673	0.04782	1400000	-0.0813
-5	0.1342	0.00781	1500000	-0.1595
-4	0.2459	0.00642	1500000	-0.1611
-3	0.3597	0.00606	1500000	-0.1622
-2	0.4734	0.00603	1500000	-0.1632
-1	0.5861	0.00604	1500000	-0.1639
0	0.6974	0.00608	1500000	-0.1644
1	0.807	0.00617	1500000	-0.1646
2	0.9142	0.00643	1500000	-0.1642
3	1.0156	0.00688	1500000	-0.1626
5	1.1974	0.00827	1500000	-0.1552
6	1.2769	0.00951	1500000	-0.1497
7	1.332	0.01141	1500000	-0.1396
8	1.3898	0.01394	1500000	-0.1311
9	1.4475	0.01661	1500000	-0.1233
10	1.5026	0.01959	1500000	-0.1158
11	1.5558	0.0229	1500000	-0.1088
12	1.6048	0.02674	1500000	-0.1022
13	1.6476	0.03139	1500000	-0.0958
14	1.6838	0.03696	1500000	-0.0899
15	1.6659	0.04796	1500000	-0.0812
-5	0.1343	0.00759	1750000	-0.1595
-4	0.2467	0.00626	1750000	-0.1611
-3	0.3606	0.00586	1750000	-0.1624
-2	0.4742	0.00583	1750000	-0.1633
-1	0.5868	0.00587	1750000	-0.164
0	0.6985	0.00592	1750000	-0.1646
1	0.8088	0.00599	1750000	-0.165
2	0.9159	0.00625	1750000	-0.1646
3	1.0181	0.00671	1750000	-0.1632
4	1.1157	0.00729	1750000	-0.1609
5	1.201	0.00812	1750000	-0.1561
6	1.2789	0.00949	1750000	-0.1502
7	1.3335	0.01137	1750000	-0.14
8	1.3941	0.01375	1750000	-0.132
9	1.4539	0.01628	1750000	-0.1245
10	1.5115	0.01908	1750000	-0.1172
11	1.5666	0.02221	1750000	-0.1104
12	1.6166	0.02592	1750000	-0.1038
13	1.6624	0.03026	1750000	-0.0976
14	1.6939	0.03611	1750000	-0.091
15	1.6748	0.04711	1750000	-0.0818
-5	0.1348	0.00739	2000000	-0.1596
-4	0.2471	0.00616	2000000	-0.1611
-3	0.3607	0.00574	2000000	-0.1624
-2	0.475	0.00569	2000000	-0.1634
-1	0.5884	0.00572	2000000	-0.1643
0	0.7005	0.00577	2000000	-0.165
1	0.811	0.00585	2000000	-0.1654
2	0.9179	0.00611	2000000	-0.165
3	1.0205	0.00657	2000000	-0.1637
4	1.1185	0.00717	2000000	-0.1616
5	1.2035	0.00804	2000000	-0.1567
6	1.2801	0.00948	2000000	-0.1506
8	1.3983	0.01356	2000000	-0.1329
9	1.4605	0.01594	2000000	-0.1256
10	1.5195	0.01863	2000000	-0.1186
11	1.5754	0.02167	2000000	-0.1118
12	1.6281	0.02513	2000000	-0.1053
13	1.6711	0.0296	2000000	-0.0986
14	1.6962	0.0359	2000000	-0.0913
15	1.687	0.04596	2000000	-0.0827
-5	0.135	0.00689	3000000	-0.1597
-4	0.2488	0.00602	3000000	-0.1612
-3	0.3635	0.00541	3000000	-0.1629
-2	0.4784	0.00527	3000000	-0.1642
-1	0.5924	0.00534	3000000	-0.1652
0	0.7053	0.00544	3000000	-0.166
1	0.8167	0.00555	3000000	-0.1666
2	0.9242	0.00581	3000000	-0.1664
3	1.0282	0.00625	3000000	-0.1655
4	1.126	0.00693	3000000	-0.1634
5	1.2076	0.00798	3000000	-0.1579
7	1.3475	0.01142	3000000	-0.1435
8	1.4129	0.01291	3000000	-0.1358
9	1.4787	0.01505	3000000	-0.129
10	1.5428	0.01736	3000000	-0.1225
11	1.6035	0.01999	3000000	-0.116
12	1.6574	0.02321	3000000	-0.1094
13	1.7001	0.0275	3000000	-0.1022
14	1.697	0.03579	3000000	-0.0913
15	1.7266	0.0423	3000000	-0.0858
-5	0.1357	0.00658	4000000	-0.16
-4	0.2504	0.00594	4000000	-0.1615
-3	0.3652	0.00526	4000000	-0.1632
-2	0.4808	0.00505	4000000	-0.1647
0	0.7092	0.00523	4000000	-0.1669
1	0.8201	0.00542	4000000	-0.1674
2	0.9279	0.0057	4000000	-0.1673
4	1.1289	0.00688	4000000	-0.1642
5	1.2085	0.00804	4000000	-0.1583
6	1.279	0.00969	4000000	-0.1509
7	1.3546	0.01118	4000000	-0.145
8	1.4272	0.01277	4000000	-0.1388
9	1.4919	0.01442	4000000	-0.1314
10	1.5605	0.01645	4000000	-0.1255
11	1.6208	0.01902	4000000	-0.1188
12	1.6758	0.02207	4000000	-0.112
13	1.692	0.02803	4000000	-0.1012
14	1.7222	0.03375	4000000	-0.0938
15	1.7533	0.0399	4000000	-0.088
