HT14_Turb			rows = 352
-0.001	0	0.03015	13000	0
0.906	0.1	0.03038	13000	-0.0003
1.807	0.2	0.0311	13000	-0.0008
2.679	0.3	0.03268	13000	-0.0028
3.457	0.4	0.03893	13000	-0.0149
4.944	0.5	0.05721	13000	-0.0284
5.847	0.6	0.05628	13000	-0.0058
23.714	1	0.29807	13000	-0.1268
27.738	1.1	0.33623	13000	-0.1592
33.208	1.2	0.37429	13000	-0.2038
-0.001	-0	0.02499	25000	-0
0.911	0.1	0.02514	25000	0.0009
1.825	0.2	0.02562	25000	0.0018
2.795	0.3	0.02787	25000	0.0025
3.739	0.4	0.02965	25000	0.0033
4.697	0.5	0.03198	25000	0.0041
5.684	0.6	0.03543	25000	0.005
6.741	0.7	0.04139	25000	0.0054
27.537	1.1	0.33487	25000	-0.1603
32.886	1.2	0.37282	25000	-0.2042
-0.001	-0	0.02063	50000	-0
0.911	0.1	0.02126	50000	0.0005
1.821	0.2	0.02176	50000	0.0012
2.735	0.3	0.02248	50000	0.002
3.653	0.4	0.02349	50000	0.0027
4.577	0.5	0.02491	50000	0.0034
5.526	0.6	0.02694	50000	0.0044
6.509	0.7	0.02994	50000	0.0055
-0.001	0	0.01883	75000	-0
0.901	0.1	0.01874	75000	0.0005
1.802	0.2	0.01911	75000	0.0012
2.711	0.3	0.01969	75000	0.0019
3.626	0.4	0.02054	75000	0.0027
4.551	0.5	0.0217	75000	0.0036
5.491	0.6	0.02332	75000	0.0045
6.454	0.7	0.02558	75000	0.0055
8.598	0.9	0.03288	75000	0.0081
-0.001	0	0.01727	100000	-0
0.903	0.1	0.01734	100000	0.0007
1.808	0.2	0.01752	100000	0.0014
2.716	0.3	0.01803	100000	0.0022
3.627	0.4	0.01878	100000	0.0029
4.546	0.5	0.0198	100000	0.0036
5.477	0.6	0.02118	100000	0.0045
6.427	0.7	0.02306	100000	0.0054
7.438	0.8	0.02385	100000	0.0069
8.485	0.9	0.02808	100000	0.0081
9.747	1	0.03663	100000	0.0088
-0.001	0	0.01547	150000	-0
0.898	0.1	0.01554	150000	0.0006
1.798	0.2	0.01576	150000	0.0012
2.701	0.3	0.01611	150000	0.0018
3.609	0.4	0.01671	150000	0.0024
4.523	0.5	0.01754	150000	0.0031
5.447	0.6	0.01864	150000	0.0039
6.387	0.7	0.02013	150000	0.0048
8.38	0.9	0.02328	150000	0.0075
9.466	1	0.02798	150000	0.0087
11.082	1.1	0.04162	150000	0.009
-0.001	-0	0.01437	200000	-0
0.894	0.1	0.01444	200000	0.0005
1.791	0.2	0.01464	200000	0.001
2.69	0.3	0.01495	200000	0.0016
3.594	0.4	0.01548	200000	0.0021
4.503	0.5	0.01621	200000	0.0028
5.422	0.6	0.01716	200000	0.0035
6.352	0.7	0.01842	200000	0.0042
7.342	0.8	0.01823	200000	0.006
8.322	0.9	0.02068	200000	0.007
9.359	1	0.02426	200000	0.0082
10.565	1.1	0.03082	200000	0.0097
-0.001	-0	0.0136	250000	-0
0.892	0.1	0.01366	250000	0.0005
1.786	0.2	0.01385	250000	0.0009
2.683	0.3	0.01417	250000	0.0015
3.584	0.4	0.01463	250000	0.002
4.49	0.5	0.01528	250000	0.0026
5.405	0.6	0.01614	250000	0.0032
6.33	0.7	0.01727	250000	0.0039
7.316	0.8	0.01685	250000	0.0056
8.282	0.9	0.01898	250000	0.0066
9.294	1	0.02199	250000	0.0078
10.421	1.1	0.02709	250000	0.0093
-0.001	0	0.01302	300000	-0
0.89	0.1	0.01308	300000	0.0004
1.783	0.2	0.01325	300000	0.0009
2.678	0.3	0.01355	300000	0.0014
3.577	0.4	0.01398	300000	0.0019
4.481	0.5	0.01459	300000	0.0024
5.392	0.6	0.01538	300000	0.003
6.314	0.7	0.01641	300000	0.0037
7.295	0.8	0.01584	300000	0.0053
8.253	0.9	0.01776	300000	0.0063
9.249	1	0.02042	300000	0.0074
10.337	1.1	0.02481	300000	0.0089
-0.001	-0	0.01256	350000	-0
0.889	0.1	0.01262	350000	0.0004
1.78	0.2	0.01278	350000	0.0009
2.674	0.3	0.01307	350000	0.0013
3.571	0.4	0.01347	350000	0.0018
4.473	0.5	0.01404	350000	0.0023
5.382	0.6	0.01478	350000	0.0029
6.301	0.7	0.01574	350000	0.0036
7.279	0.8	0.01506	350000	0.0051
8.23	0.9	0.01683	350000	0.006
9.215	1	0.01925	350000	0.0071
10.28	1.1	0.02323	350000	0.0085
11.764	1.2	0.03366	350000	0.0109
-0.001	0	0.01219	400000	-0
0.888	0.1	0.01224	400000	0.0004
1.778	0.2	0.0124	400000	0.0008
2.671	0.3	0.01267	400000	0.0013
3.566	0.4	0.01306	400000	0.0017
4.467	0.5	0.0136	400000	0.0023
5.374	0.6	0.0143	400000	0.0028
6.29	0.7	0.01519	400000	0.0035
7.265	0.8	0.01443	400000	0.0049
8.211	0.9	0.01608	400000	0.0058
9.188	1	0.01833	400000	0.0068
10.238	1.1	0.02207	400000	0.0083
11.635	1.2	0.03133	400000	0.0108
-0.001	0	0.01187	450000	-0
0.887	0.1	0.01193	450000	0.0004
1.776	0.2	0.01208	450000	0.0008
2.668	0.3	0.01234	450000	0.0012
3.562	0.4	0.01272	450000	0.0017
4.461	0.5	0.01322	450000	0.0022
5.367	0.6	0.01389	450000	0.0027
6.281	0.7	0.01474	450000	0.0034
7.253	0.8	0.01391	450000	0.0048
8.195	0.9	0.01547	450000	0.0056
9.165	1	0.01759	450000	0.0066
10.206	1.1	0.02117	450000	0.008
11.561	1.2	0.0299	450000	0.0106
-0.001	0	0.01161	500000	-0
0.886	0.1	0.01166	500000	0.0004
1.775	0.2	0.0118	500000	0.0008
2.665	0.3	0.01206	500000	0.0012
3.559	0.4	0.01242	500000	0.0016
4.457	0.5	0.01291	500000	0.0021
5.361	0.6	0.01354	500000	0.0027
6.273	0.7	0.01436	500000	0.0033
7.243	0.8	0.01347	500000	0.0046
8.182	0.9	0.01496	500000	0.0054
9.147	1	0.01697	500000	0.0064
10.181	1.1	0.02046	500000	0.0078
11.511	1.2	0.02892	500000	0.0105
-0.001	-0	0.01137	550000	-0
0.886	0.1	0.01142	550000	0.0004
1.773	0.2	0.01156	550000	0.0008
2.663	0.3	0.01181	550000	0.0012
3.556	0.4	0.01216	550000	0.0016
4.453	0.5	0.01263	550000	0.0021
5.356	0.6	0.01324	550000	0.0026
6.267	0.7	0.01403	550000	0.0032
7.234	0.8	0.01309	550000	0.0045
8.17	0.9	0.01452	550000	0.0053
9.131	1	0.01644	550000	0.0063
10.16	1.1	0.01988	550000	0.0077
11.476	1.2	0.02822	550000	0.0104
-0.001	0	0.01117	600000	-0
0.885	0.1	0.01121	600000	0.0004
1.772	0.2	0.01135	600000	0.0007
2.661	0.3	0.01159	600000	0.0011
3.553	0.4	0.01193	600000	0.0016
4.449	0.5	0.01239	600000	0.002
5.351	0.6	0.01298	600000	0.0025
6.261	0.7	0.01373	600000	0.0031
7.227	0.8	0.01276	600000	0.0044
8.16	0.9	0.01414	600000	0.0052
9.117	1	0.01599	600000	0.0061
10.143	1.1	0.01941	600000	0.0076
-0.001	-0	0.01098	650000	-0
0.884	0.1	0.01103	650000	0.0004
1.771	0.2	0.01116	650000	0.0007
2.659	0.3	0.01139	650000	0.0011
3.551	0.4	0.01172	650000	0.0015
4.446	0.5	0.01217	650000	0.002
5.347	0.6	0.01275	650000	0.0025
6.256	0.7	0.01348	650000	0.0031
7.22	0.8	0.01247	650000	0.0043
8.151	0.9	0.0138	650000	0.0051
9.105	1	0.01559	650000	0.006
10.128	1.1	0.01902	650000	0.0074
-0.001	0	0.01082	700000	-0
0.884	0.1	0.01086	700000	0.0004
1.77	0.2	0.01099	700000	0.0007
2.658	0.3	0.01122	700000	0.0011
3.549	0.4	0.01154	700000	0.0015
4.443	0.5	0.01197	700000	0.002
5.344	0.6	0.01253	700000	0.0024
6.251	0.7	0.01325	700000	0.003
7.214	0.8	0.01222	700000	0.0042
8.143	0.9	0.0135	700000	0.005
9.094	1	0.01524	700000	0.0059
10.117	1.1	0.0187	700000	0.0073
13.443	1.2	0.06223	700000	-0.009
-0.001	-0	0.01067	750000	-0
0.883	0.1	0.01071	750000	0.0003
1.769	0.2	0.01084	750000	0.0007
2.656	0.3	0.01106	750000	0.0011
3.547	0.4	0.01138	750000	0.0015
4.441	0.5	0.0118	750000	0.0019
5.34	0.6	0.01235	750000	0.0024
6.247	0.7	0.01304	750000	0.003
7.208	0.8	0.01198	750000	0.0041
8.135	0.9	0.01323	750000	0.0049
9.084	1	0.01493	750000	0.0058
10.106	1.1	0.01843	750000	0.0073
13.692	1.2	0.06757	750000	-0.0133
-0.001	0	0.01053	800000	-0
0.883	0.1	0.01057	800000	0.0003
1.768	0.2	0.0107	800000	0.0007
2.655	0.3	0.01091	800000	0.0011
3.545	0.4	0.01122	800000	0.0015
4.438	0.5	0.01164	800000	0.0019
5.337	0.6	0.01217	800000	0.0024
6.243	0.7	0.01285	800000	0.0029
7.203	0.8	0.01177	800000	0.0041
8.129	0.9	0.01299	800000	0.0048
9.076	1	0.01465	800000	0.0057
10.097	1.1	0.01819	800000	0.0072
11.291	1.2	0.02451	800000	0.0096
-0.001	-0	0.0104	850000	-0
0.883	0.1	0.01045	850000	0.0003
1.767	0.2	0.01057	850000	0.0007
2.654	0.3	0.01078	850000	0.0011
3.543	0.4	0.01109	850000	0.0014
4.436	0.5	0.01149	850000	0.0019
5.334	0.6	0.01201	850000	0.0023
6.239	0.7	0.01267	850000	0.0029
7.198	0.8	0.01158	850000	0.004
8.123	0.9	0.01277	850000	0.0047
9.068	1	0.0144	850000	0.0056
10.09	1.1	0.01799	850000	0.0071
11.233	1.2	0.02328	850000	0.0092
12.718	1.3	0.03243	850000	0.0119
-0.001	0	0.01029	900000	-0
0.882	0.1	0.01033	900000	0.0003
1.767	0.2	0.01045	900000	0.0007
2.653	0.3	0.01066	900000	0.001
3.542	0.4	0.01096	900000	0.0014
4.434	0.5	0.01135	900000	0.0018
5.332	0.6	0.01187	900000	0.0023
6.236	0.7	0.01251	900000	0.0028
7.194	0.8	0.0114	900000	0.004
8.117	0.9	0.01256	900000	0.0046
9.06	1	0.01417	900000	0.0055
10.083	1.1	0.01783	900000	0.0071
11.187	1.2	0.02229	900000	0.0089
12.531	1.3	0.02956	900000	0.0114
-0.001	0	0.01018	950000	-0
0.882	0.1	0.01022	950000	0.0003
1.766	0.2	0.01034	950000	0.0007
2.652	0.3	0.01054	950000	0.001
3.54	0.4	0.01084	950000	0.0014
4.432	0.5	0.01123	950000	0.0018
5.33	0.6	0.01173	950000	0.0023
6.233	0.7	0.01237	950000	0.0028
7.19	0.8	0.01124	950000	0.0039
8.112	0.9	0.01237	950000	0.0046
9.054	1	0.01396	950000	0.0055
10.077	1.1	0.01768	950000	0.007
11.149	1.2	0.02143	950000	0.0087
12.474	1.3	0.02858	950000	0.0111
-0.001	-0	0.01008	1000000	-0
0.882	0.1	0.01012	1000000	0.0003
1.765	0.2	0.01024	1000000	0.0007
2.651	0.3	0.01044	1000000	0.001
3.539	0.4	0.01073	1000000	0.0014
4.431	0.5	0.01111	1000000	0.0018
5.327	0.6	0.01161	1000000	0.0023
6.23	0.7	0.01223	1000000	0.0028
7.186	0.8	0.01109	1000000	0.0038
8.107	0.9	0.0122	1000000	0.0045
9.048	1	0.01377	1000000	0.0054
10.064	1.1	0.01731	1000000	0.0069
11.117	1.2	0.02068	1000000	0.0085
12.602	1.3	0.03056	1000000	0.0114
-0.001	0	0.0099	1100000	-0
0.881	0.1	0.00993	1100000	0.0003
1.764	0.2	0.01005	1100000	0.0006
2.649	0.3	0.01024	1100000	0.001
3.537	0.4	0.01053	1100000	0.0014
4.428	0.5	0.0109	1100000	0.0018
5.323	0.6	0.01138	1100000	0.0022
6.225	0.7	0.01198	1100000	0.0027
7.179	0.8	0.01081	1100000	0.0037
8.098	0.9	0.01189	1100000	0.0044
9.037	1	0.01343	1100000	0.0053
10.032	1.1	0.0164	1100000	0.0066
11.066	1.2	0.01946	1100000	0.0081
12.357	1.3	0.02657	1100000	0.0105
-0.001	-0	0.00973	1200000	-0
0.881	0.1	0.00977	1200000	0.0003
1.763	0.2	0.00988	1200000	0.0006
2.648	0.3	0.01007	1200000	0.001
3.535	0.4	0.01035	1200000	0.0013
4.425	0.5	0.01071	1200000	0.0017
5.32	0.6	0.01118	1200000	0.0022
6.221	0.7	0.01176	1200000	0.0026
7.173	0.8	0.01058	1200000	0.0037
8.09	0.9	0.01162	1200000	0.0043
9.027	1	0.01314	1200000	0.0052
10.009	1.1	0.01572	1200000	0.0064
11.036	1.2	0.0187	1200000	0.0078
12.232	1.3	0.02431	1200000	0.01
-0.001	0	0.00959	1300000	-0
0.88	0.1	0.00962	1300000	0.0003
1.763	0.2	0.00973	1300000	0.0006
2.646	0.3	0.00992	1300000	0.001
3.533	0.4	0.01019	1300000	0.0013
4.422	0.5	0.01054	1300000	0.0017
5.317	0.6	0.011	1300000	0.0021
6.217	0.7	0.01156	1300000	0.0026
7.168	0.8	0.01036	1300000	0.0036
8.083	0.9	0.01138	1300000	0.0042
9.019	1	0.01289	1300000	0.0051
9.991	1.1	0.01517	1300000	0.0062
11.046	1.2	0.01892	1300000	0.0078
12.151	1.3	0.02273	1300000	0.0095
13.645	1.4	0.03137	1300000	0.0125
-0.001	0	0.00946	1400000	-0
0.88	0.1	0.00949	1400000	0.0003
1.762	0.2	0.0096	1400000	0.0006
2.645	0.3	0.00978	1400000	0.0009
3.531	0.4	0.01004	1400000	0.0013
4.42	0.5	0.01039	1400000	0.0017
5.314	0.6	0.01083	1400000	0.0021
6.213	0.7	0.01139	1400000	0.0026
7.163	0.8	0.01017	1400000	0.0035
8.077	0.9	0.01116	1400000	0.0041
9.012	1	0.01268	1400000	0.005
9.975	1.1	0.01471	1400000	0.0061
11.008	1.2	0.018	1400000	0.0075
12.091	1.3	0.0215	1400000	0.0092
13.418	1.4	0.0281	1400000	0.0118
-0.001	-0	0.00934	1500000	-0
0.879	0.1	0.00937	1500000	0.0003
1.761	0.2	0.00948	1500000	0.0006
2.644	0.3	0.00966	1500000	0.0009
3.529	0.4	0.00991	1500000	0.0013
4.418	0.5	0.01025	1500000	0.0016
5.311	0.6	0.01069	1500000	0.0021
6.21	0.7	0.01123	1500000	0.0025
7.158	0.8	0.01	1500000	0.0035
8.071	0.9	0.01097	1500000	0.0041
9.005	1	0.0125	1500000	0.0049
9.963	1.1	0.01434	1500000	0.0059
10.98	1.2	0.01727	1500000	0.0073
12.045	1.3	0.02051	1500000	0.0089
13.372	1.4	0.02737	1500000	0.0115
