MH32				rows = 1795
-15	-0.4708	0.18144	10000	0.0323
-14.5	-0.3987	0.15746	10000	0.0162
-14	-0.3792	0.15114	10000	0.0131
-13.5	-0.3598	0.14498	10000	0.01
-13	-0.3405	0.13883	10000	0.0071
-12.5	-0.3212	0.13275	10000	0.0041
-12	-0.302	0.12674	10000	0.0013
-11.5	-0.283	0.12081	10000	-0.0015
-11	-0.2641	0.11493	10000	-0.0042
-10.5	-0.2455	0.1091	10000	-0.0068
-10	-0.2272	0.10331	10000	-0.0094
-9.5	-0.2092	0.09755	10000	-0.0119
-9	-0.1916	0.09184	10000	-0.0144
-8.5	-0.2487	0.09674	10000	0.0002
-8	-0.3004	0.09925	10000	0.0079
-7.5	-0.3273	0.09793	10000	0.0093
-7	-0.3197	0.09161	10000	0.0078
-6.5	-0.3203	0.0863	10000	0.0077
-6	-0.343	0.08323	10000	0.01
-5.5	-0.3415	0.07689	10000	0.0098
-5	-0.3497	0.07144	10000	0.0113
-4.5	-0.3611	0.06609	10000	0.0136
-3.5	-0.1283	0.03881	10000	-0.0389
-3	-0.1505	0.03645	10000	-0.0352
-2.5	-0.1341	0.03551	10000	-0.0331
-2	-0.1021	0.03518	10000	-0.0314
-1.5	-0.0664	0.03513	10000	-0.0298
-1	-0.0292	0.0353	10000	-0.0283
-0.5	0.0086	0.03564	10000	-0.027
0	0.0463	0.03616	10000	-0.0258
0.5	0.0837	0.03685	10000	-0.0247
1	0.1204	0.03773	10000	-0.0237
1.5	0.1561	0.03882	10000	-0.0229
2	0.1905	0.04012	10000	-0.0223
2.5	0.2236	0.04168	10000	-0.0219
3	0.2551	0.04353	10000	-0.0218
3.5	0.2848	0.04569	10000	-0.0219
4	0.3128	0.04819	10000	-0.0224
4.5	0.3388	0.05107	10000	-0.0232
5	0.363	0.05436	10000	-0.0243
5.5	0.3853	0.05806	10000	-0.0258
6	0.406	0.06221	10000	-0.0276
6.5	0.4252	0.06679	10000	-0.0297
7	0.4433	0.07177	10000	-0.0322
7.5	0.4604	0.07716	10000	-0.0348
8	0.4768	0.08291	10000	-0.0377
8.5	0.4925	0.08899	10000	-0.0408
9	0.5078	0.09534	10000	-0.044
9.5	0.5229	0.10195	10000	-0.0472
10	0.538	0.10877	10000	-0.0507
10.5	0.5532	0.11575	10000	-0.0542
11	0.5686	0.12288	10000	-0.0577
11.5	0.5842	0.13013	10000	-0.0614
12	0.6001	0.13752	10000	-0.0651
12.5	0.6161	0.14506	10000	-0.0689
13	0.6324	0.15275	10000	-0.0726
13.5	0.6489	0.1606	10000	-0.0764
14	0.6656	0.16855	10000	-0.0803
14.5	0.6824	0.1766	10000	-0.0841
15	0.72	0.19012	10000	-0.0936
-5	-0.4183	0.07196	13000	-0.0042
-4.5	-0.3966	0.06406	13000	-0.0001
-4	-0.383	0.05747	13000	0.0032
-3.5	-0.3614	0.05017	13000	0.0034
-2.5	-0.1361	0.03195	13000	-0.0328
-2	-0.1042	0.03165	13000	-0.0312
-1.5	-0.0679	0.03165	13000	-0.0296
-1	-0.0301	0.03185	13000	-0.0282
-0.5	0.0081	0.03223	13000	-0.0269
0	0.0463	0.03278	13000	-0.0258
0.5	0.0839	0.03351	13000	-0.0247
1	0.1208	0.03443	13000	-0.0239
1.5	0.1565	0.03556	13000	-0.0232
2	0.191	0.03692	13000	-0.0227
2.5	0.2238	0.03855	13000	-0.0224
3	0.255	0.04047	13000	-0.0224
3.5	0.2844	0.04272	13000	-0.0227
4	0.312	0.04533	13000	-0.0234
4.5	0.3377	0.04834	13000	-0.0243
5	0.3614	0.05176	13000	-0.0257
5.5	0.3832	0.05561	13000	-0.0273
6	0.4036	0.05991	13000	-0.0293
6.5	0.4227	0.06465	13000	-0.0316
7	0.4407	0.0698	13000	-0.0342
7.5	0.4579	0.07534	13000	-0.037
8	0.4744	0.08123	13000	-0.0399
8.5	0.4902	0.08743	13000	-0.043
9	0.5057	0.09394	13000	-0.0463
9.5	0.5211	0.10071	13000	-0.0496
10	0.5366	0.10768	13000	-0.053
10.5	0.5522	0.11482	13000	-0.0565
11	0.568	0.1221	13000	-0.0601
11.5	0.584	0.1295	13000	-0.0637
12	0.6002	0.13702	13000	-0.0674
12.5	0.6166	0.14468	13000	-0.0711
13	0.6518	0.15634	13000	-0.0799
13.5	0.7021	0.17154	13000	-0.0912
14	0.7311	0.18309	13000	-0.0965
14.5	0.755	0.19314	13000	-0.1005
15	0.7754	0.2012	13000	-0.1032
-15	-0.5448	0.19649	15000	0.0295
-14.5	-0.5574	0.20563	15000	0.0311
-14	-0.5123	0.18388	15000	0.0281
-13.5	-0.4874	0.17305	15000	0.0264
-13	-0.4739	0.16742	15000	0.0263
-12.5	-0.4537	0.16017	15000	0.0258
-12	-0.4145	0.14746	15000	0.0227
-11.5	-0.3949	0.14292	15000	0.0226
-11	-0.3431	0.1287	15000	0.0157
-10.5	-0.2426	0.1069	15000	-0.0051
-10	-0.2236	0.10086	15000	-0.0076
-9.5	-0.2048	0.09485	15000	-0.0102
-9	-0.1863	0.08888	15000	-0.0127
-8.5	-0.1681	0.08298	15000	-0.0151
-8	-0.2019	0.08413	15000	-0.0052
-7.5	-0.323	0.09544	15000	0.0115
-7	-0.3789	0.09518	15000	0.0086
-6.5	-0.3831	0.08758	15000	0.0022
-6	-0.4025	0.08232	15000	-0.0014
-5.5	-0.427	0.07687	15000	-0.0075
-5	-0.4127	0.06845	15000	-0.0104
-4.5	-0.3966	0.06034	15000	-0.0143
-4	-0.3663	0.05233	15000	-0.0203
-3.5	-0.3445	0.04641	15000	-0.0117
-3	-0.3153	0.04003	15000	-0.0053
-2.5	-0.1381	0.02934	15000	-0.0326
-2	-0.106	0.02907	15000	-0.031
-1.5	-0.0691	0.0291	15000	-0.0295
-1	-0.0309	0.02934	15000	-0.0281
-0.5	0.0077	0.02974	15000	-0.0269
0	0.0462	0.03032	15000	-0.0258
0.5	0.084	0.03108	15000	-0.0248
1	0.121	0.03203	15000	-0.024
1.5	0.1567	0.0332	15000	-0.0234
2	0.191	0.03461	15000	-0.023
2.5	0.2237	0.0363	15000	-0.0229
3	0.2546	0.03829	15000	-0.023
3.5	0.2837	0.04062	15000	-0.0234
4	0.311	0.04333	15000	-0.0242
4.5	0.3363	0.04644	15000	-0.0254
5	0.3597	0.04997	15000	-0.0268
5.5	0.3814	0.05396	15000	-0.0286
6	0.4016	0.0584	15000	-0.0308
6.5	0.4206	0.06326	15000	-0.0332
7	0.4386	0.06852	15000	-0.0358
7.5	0.4558	0.07415	15000	-0.0387
8	0.4724	0.08013	15000	-0.0417
8.5	0.4884	0.08642	15000	-0.0448
9	0.5042	0.09305	15000	-0.0481
9.5	0.5199	0.09994	15000	-0.0514
10	0.5358	0.10705	15000	-0.0548
10.5	0.5517	0.11431	15000	-0.0583
11	0.5678	0.12171	15000	-0.0619
11.5	0.6014	0.13198	15000	-0.0701
12	0.6504	0.14487	15000	-0.0811
12.5	0.7	0.16299	15000	-0.0908
13	0.7203	0.16815	15000	-0.0926
13.5	0.7374	0.17582	15000	-0.0949
14	0.7573	0.18521	15000	-0.0977
14.5	0.7826	0.19505	15000	-0.0996
15	0.7999	0.20428	15000	-0.1015
-15	-0.5663	0.20223	20000	0.0215
-14.5	-0.5382	0.19026	20000	0.0204
-14	-0.5636	0.20286	20000	0.0198
-13.5	-0.5081	0.17575	20000	0.0174
-13	-0.5246	0.1826	20000	0.0178
-12.5	-0.4774	0.16241	20000	0.0161
-12	-0.4666	0.15609	20000	0.0159
-11.5	-0.4845	0.16233	20000	0.0192
-11	-0.4478	0.14833	20000	0.0184
-10.5	-0.4135	0.13611	20000	0.0173
-10	-0.3965	0.12996	20000	0.0185
-9.5	-0.3581	0.11746	20000	0.0165
-8.5	-0.1669	0.08149	20000	-0.0135
-8	-0.1466	0.07536	20000	-0.0164
-7	-0.3817	0.09309	20000	0.0054
-6.5	-0.4159	0.08628	20000	-0.0073
-6	-0.4313	0.07876	20000	-0.0164
-5.5	-0.4217	0.07042	20000	-0.0205
-5	-0.4103	0.06201	20000	-0.0247
-4.5	-0.3872	0.05494	20000	-0.0271
-4	-0.3456	0.04702	20000	-0.0321
-3.5	-0.2996	0.03949	20000	-0.0321
-3	-0.2644	0.0339	20000	-0.0257
-2	-0.1092	0.02547	20000	-0.0306
-1.5	-0.0714	0.02556	20000	-0.0293
-1	-0.0323	0.02584	20000	-0.028
-0.5	0.0069	0.02629	20000	-0.0269
0	0.0458	0.02692	20000	-0.0259
0.5	0.0838	0.02773	20000	-0.025
1	0.1208	0.02875	20000	-0.0244
1.5	0.1564	0.02999	20000	-0.0239
2	0.1904	0.03149	20000	-0.0237
2.5	0.2226	0.03327	20000	-0.0237
3	0.2531	0.03538	20000	-0.024
3.5	0.2818	0.03785	20000	-0.0247
4	0.3087	0.04072	20000	-0.0257
4.5	0.3338	0.044	20000	-0.0271
5	0.3568	0.04772	20000	-0.0288
5.5	0.3781	0.05191	20000	-0.0308
6	0.4046	0.05691	20000	-0.0345
6.5	0.5303	0.0677	20000	-0.0562
7	0.5947	0.07516	20000	-0.0636
7.5	0.6281	0.0823	20000	-0.0671
8	0.6972	0.09068	20000	-0.0714
8.5	0.6718	0.09708	20000	-0.0715
9	0.65	0.10432	20000	-0.0733
10.5	0.6356	0.12429	20000	-0.0779
11	0.7006	0.14373	20000	-0.0879
11.5	0.7249	0.15386	20000	-0.0904
12	0.7274	0.15621	20000	-0.0886
12.5	0.779	0.17746	20000	-0.0945
13	0.7557	0.17035	20000	-0.0909
13.5	0.7992	0.18702	20000	-0.093
14	0.7938	0.18941	20000	-0.0935
14.5	0.8604	0.22383	20000	-0.0985
15	0.822	0.20584	20000	-0.0967
-15	-0.5526	0.19431	25000	0.0184
-14.5	-0.5495	0.19403	25000	0.0159
-14	-0.5774	0.20677	25000	0.0132
-13.5	-0.5117	0.17466	25000	0.0127
-13	-0.5211	0.17801	25000	0.011
-12.5	-0.4986	0.16485	25000	0.0093
-12	-0.4767	0.1569	25000	0.0089
-11.5	-0.5241	0.1713	25000	0.0091
-11	-0.4511	0.14375	25000	0.008
-10.5	-0.4287	0.13417	25000	0.0079
-10	-0.47	0.14435	25000	0.0113
-9.5	-0.4474	0.1353	25000	0.0134
-9	-0.4252	0.12677	25000	0.0154
-8.5	-0.3784	0.11091	25000	0.0142
-8	-0.3222	0.09678	25000	0.0112
-7.5	-0.2856	0.08778	25000	0.0095
-7	-0.214	0.07567	25000	0.003
-6.5	-0.3902	0.08468	25000	-0.0017
-6	-0.4239	0.07718	25000	-0.0173
-5.5	-0.4238	0.06797	25000	-0.0264
-5	-0.4077	0.05818	25000	-0.0313
-4.5	-0.3699	0.05056	25000	-0.0372
-4	-0.3362	0.0423	25000	-0.0363
-3.5	-0.2899	0.0362	25000	-0.0361
-3	-0.2422	0.03081	25000	-0.0332
-2.5	-0.2316	0.02552	25000	-0.0159
-2	-0.112	0.02303	25000	-0.0303
-1.5	-0.0732	0.02316	25000	-0.0291
-1	-0.0336	0.02348	25000	-0.0279
-0.5	0.0061	0.02398	25000	-0.0269
0	0.0451	0.02464	25000	-0.026
0.5	0.0833	0.0255	25000	-0.0252
1	0.1201	0.02657	25000	-0.0247
1.5	0.1556	0.02788	25000	-0.0243
2	0.1892	0.02945	25000	-0.0242
2.5	0.2213	0.03133	25000	-0.0244
3	0.2516	0.03355	25000	-0.0249
3.5	0.28	0.03613	25000	-0.0257
4	0.3065	0.03911	25000	-0.0269
4.5	0.3311	0.04252	25000	-0.0285
5	0.4578	0.05002	25000	-0.0487
5.5	0.5377	0.05559	25000	-0.0579
6	0.6242	0.06093	25000	-0.0651
6.5	0.6608	0.06498	25000	-0.0649
7	0.7366	0.06973	25000	-0.0665
7.5	0.7626	0.07567	25000	-0.0654
8	0.781	0.08121	25000	-0.0628
8.5	0.81	0.08903	25000	-0.0621
9	0.8252	0.09565	25000	-0.0596
9.5	0.807	0.10671	25000	-0.063
10	0.8009	0.11797	25000	-0.0665
10.5	0.7872	0.12674	25000	-0.069
11	0.7271	0.14093	25000	-0.0842
11.5	0.7632	0.15462	25000	-0.0867
12	0.7517	0.15446	25000	-0.0848
12.5	0.7624	0.16266	25000	-0.0858
13	0.7849	0.17295	25000	-0.0864
13.5	0.8238	0.18848	25000	-0.0882
14	0.8142	0.19163	25000	-0.0895
14.5	0.8546	0.21197	25000	-0.0903
15	0.8368	0.20374	25000	-0.0911
-15	-0.5577	0.19441	30000	0.0157
-14.5	-0.5385	0.18626	30000	0.0142
-14	-0.539	0.18691	30000	0.0109
-13.5	-0.5645	0.1969	30000	0.0071
-13	-0.5007	0.16673	30000	0.0078
-12.5	-0.4996	0.16525	30000	0.0058
-12	-0.5339	0.17566	30000	0.0027
-11.5	-0.4634	0.14743	30000	0.0038
-11	-0.4978	0.15608	30000	0.0021
-10.5	-0.439	0.13381	30000	0.0021
-10	-0.4702	0.14029	30000	0.002
-9.5	-0.4124	0.12065	30000	0.002
-8.5	-0.3858	0.10751	30000	0.0046
-8	-0.37	0.10099	30000	0.0066
-7.5	-0.35	0.09399	30000	0.0084
-7	-0.3247	0.08636	30000	0.0095
-6.5	-0.3029	0.07887	30000	0.0083
-5.5	-0.4219	0.0664	30000	-0.0257
-5	-0.4042	0.05646	30000	-0.0337
-4.5	-0.373	0.04702	30000	-0.0373
-4	-0.329	0.03928	30000	-0.0389
-3.5	-0.2824	0.03373	30000	-0.0382
-3	-0.2272	0.02841	30000	-0.0367
-2.5	-0.1947	0.02225	30000	-0.0196
-1.5	-0.0748	0.02141	30000	-0.0289
-1	-0.0347	0.02177	30000	-0.0279
-0.5	0.0052	0.02229	30000	-0.0269
0	0.0444	0.023	30000	-0.0261
0.5	0.0826	0.0239	30000	-0.0254
1	0.1194	0.02502	30000	-0.0249
1.5	0.1547	0.02639	30000	-0.0247
2	0.1882	0.02803	30000	-0.0247
2.5	0.22	0.02999	30000	-0.025
3	0.2499	0.0323	30000	-0.0257
3.5	0.278	0.03497	30000	-0.0266
4	0.3877	0.0402	30000	-0.0427
4.5	0.4781	0.04453	30000	-0.053
5	0.5695	0.04847	30000	-0.0611
5.5	0.6403	0.0513	30000	-0.0641
6	0.7082	0.05392	30000	-0.0647
6.5	0.7645	0.05646	30000	-0.0631
7	0.8492	0.0565	30000	-0.0584
7.5	0.9405	0.05383	30000	-0.049
8	0.9527	0.05992	30000	-0.0445
9	0.9664	0.0745	30000	-0.0368
9.5	0.918	0.0888	30000	-0.0409
10	0.8867	0.10397	30000	-0.0477
10.5	0.8631	0.11712	30000	-0.0531
11	0.8426	0.12834	30000	-0.058
11.5	0.8094	0.15909	30000	-0.0832
12.5	0.7862	0.16318	30000	-0.0813
13	0.8104	0.17329	30000	-0.0823
13.5	0.8261	0.18715	30000	-0.0846
14	0.8521	0.19982	30000	-0.0841
14.5	0.8295	0.19357	30000	-0.0863
15	0.903	0.23193	30000	-0.0864
-15	-0.5692	0.20084	50000	0.0114
-14.5	-0.5727	0.20217	50000	0.0063
-14	-0.5339	0.17786	50000	0.0069
-13.5	-0.511	0.16855	50000	0.0062
-13	-0.5001	0.16308	50000	0.0034
-12.5	-0.5081	0.1643	50000	-0.0016
-12	-0.5207	0.16644	50000	-0.0071
-11.5	-0.4743	0.14351	50000	-0.0047
-11	-0.4558	0.13607	50000	-0.0054
-10.5	-0.4613	0.13428	50000	-0.0094
-10	-0.4875	0.13822	50000	-0.0157
-9.5	-0.4306	0.11651	50000	-0.0112
-9	-0.4274	0.11214	50000	-0.0131
-8.5	-0.4724	0.11795	50000	-0.02
-8	-0.4064	0.09825	50000	-0.0135
-7.5	-0.4551	0.10344	50000	-0.02
-7	-0.3994	0.08699	50000	-0.0121
-6.5	-0.4154	0.08195	50000	-0.0106
-6	-0.4044	0.07628	50000	-0.0074
-5.5	-0.4104	0.07046	50000	-0.0036
-5	-0.4119	0.06485	50000	-0.0014
-4.5	-0.3648	0.03972	50000	-0.0407
-4	-0.3222	0.03332	50000	-0.0398
-3.5	-0.2753	0.02884	50000	-0.0383
-3	-0.2227	0.02407	50000	-0.0365
-2.5	-0.1764	0.01857	50000	-0.0328
-2	-0.1208	0.01713	50000	-0.0294
-1.5	-0.0791	0.01738	50000	-0.0287
-1	-0.0378	0.01783	50000	-0.0279
-0.5	0.0026	0.01846	50000	-0.0271
0	0.0419	0.01929	50000	-0.0265
0.5	0.0798	0.02033	50000	-0.0261
1	0.1161	0.02161	50000	-0.0259
1.5	0.1848	0.02366	50000	-0.0321
2	0.2887	0.02605	50000	-0.0439
2.5	0.3793	0.0278	50000	-0.0521
3	0.483	0.02902	50000	-0.0608
3.5	0.565	0.02963	50000	-0.0647
4	0.6376	0.02976	50000	-0.0657
4.5	0.7109	0.02907	50000	-0.0649
5	0.7812	0.02785	50000	-0.0621
5.5	0.8502	0.02638	50000	-0.0581
6	0.8973	0.0269	50000	-0.0534
6.5	0.9466	0.02767	50000	-0.0486
7	0.9846	0.02928	50000	-0.0438
7.5	1.0184	0.03198	50000	-0.0391
8	1.0477	0.03584	50000	-0.0344
8.5	1.0755	0.04161	50000	-0.0305
9	1.0989	0.04962	50000	-0.0269
9.5	1.0985	0.05839	50000	-0.0222
10	1.0762	0.06786	50000	-0.0184
10.5	1.0349	0.07723	50000	-0.016
11	0.989	0.08891	50000	-0.0187
12	0.877	0.12919	50000	-0.0477
12.5	0.8804	0.14377	50000	-0.0503
13	0.8269	0.16353	50000	-0.0713
13.5	0.8603	0.17672	50000	-0.0709
14	0.8836	0.19722	50000	-0.0722
14.5	0.8481	0.19041	50000	-0.0796
15	0.858	0.19716	50000	-0.0821
-15	-0.5486	0.18554	75000	0.0147
-14.5	-0.5366	0.18042	75000	0.0109
-14	-0.534	0.17958	75000	0.0056
-13.5	-0.5331	0.1781	75000	0.0004
-13	-0.5269	0.17361	75000	-0.0038
-12.5	-0.5025	0.15509	75000	-0.0036
-12	-0.477	0.14551	75000	-0.0033
-11.5	-0.4643	0.13892	75000	-0.0053
-11	-0.4584	0.13369	75000	-0.0088
-10.5	-0.467	0.133	75000	-0.0156
-10	-0.4695	0.13005	75000	-0.021
-9.5	-0.4321	0.11236	75000	-0.0157
-9	-0.4232	0.10637	75000	-0.0176
-8.5	-0.4383	0.10485	75000	-0.0248
-8	-0.4521	0.10257	75000	-0.0334
-7.5	-0.416	0.0869	75000	-0.0236
-7	-0.4197	0.08178	75000	-0.0248
-6	-0.4305	0.06903	75000	-0.0266
-5.5	-0.4263	0.06403	75000	-0.026
-5	-0.4231	0.05719	75000	-0.0251
-4.5	-0.3612	0.03848	75000	-0.0386
-4	-0.3216	0.03235	75000	-0.0373
-3.5	-0.2731	0.02493	75000	-0.0368
-3	-0.2238	0.02214	75000	-0.0353
-2.5	-0.1709	0.01696	75000	-0.0341
-2	-0.1257	0.01461	75000	-0.0291
-1.5	-0.0827	0.01495	75000	-0.0286
-1	-0.041	0.01549	75000	-0.028
-0.5	-0.0006	0.01622	75000	-0.0274
0	0.082	0.01752	75000	-0.0349
0.5	0.1784	0.01877	75000	-0.0443
1	0.2707	0.01974	75000	-0.0523
1.5	0.3608	0.02029	75000	-0.0591
2	0.4463	0.02044	75000	-0.0641
2.5	0.5201	0.02037	75000	-0.0662
3	0.5883	0.02	75000	-0.0665
3.5	0.6515	0.01946	75000	-0.0652
4	0.7105	0.01887	75000	-0.0629
4.5	0.7654	0.01845	75000	-0.0599
5	0.8173	0.01842	75000	-0.0567
5.5	0.8639	0.01906	75000	-0.0534
6	0.9075	0.01988	75000	-0.0499
6.5	0.9481	0.02124	75000	-0.0465
7	0.9848	0.02311	75000	-0.0429
7.5	1.0173	0.02566	75000	-0.0392
8	1.0469	0.02945	75000	-0.0353
8.5	1.0766	0.03373	75000	-0.0314
9	1.1074	0.04075	75000	-0.0278
9.5	1.1198	0.04973	75000	-0.0244
10	1.1206	0.05578	75000	-0.0193
10.5	1.0967	0.06371	75000	-0.0143
11	1.0575	0.07203	75000	-0.0119
11.5	1.0125	0.08271	75000	-0.0149
12	0.9668	0.09706	75000	-0.0232
13	0.8744	0.14572	75000	-0.0551
13.5	0.85	0.16746	75000	-0.0686
14	0.877	0.18347	75000	-0.0667
14.5	0.8567	0.18457	75000	-0.0757
15	0.8864	0.19419	75000	-0.074
-15	-0.5609	0.19365	100000	0.0112
-14.5	-0.5525	0.18959	100000	0.0068
-14	-0.5411	0.1836	100000	0.0029
-13.5	-0.5331	0.17182	100000	-0.0006
-13	-0.5012	0.15735	100000	0.0014
-12.5	-0.4859	0.1503	100000	-0.0005
-12	-0.4737	0.14368	100000	-0.003
-11.5	-0.4642	0.13735	100000	-0.006
-11	-0.4604	0.13257	100000	-0.0106
-10.5	-0.4609	0.12975	100000	-0.0169
-10	-0.4553	0.1244	100000	-0.0213
-9.5	-0.4538	0.11114	100000	-0.0239
-9	-0.4269	0.10267	100000	-0.0205
-8.5	-0.4176	0.09642	100000	-0.0223
-8	-0.4199	0.09091	100000	-0.027
-7.5	-0.4326	0.08772	100000	-0.0378
-7	-0.446	0.07776	100000	-0.0417
-6.5	-0.4309	0.07049	100000	-0.0326
-6	-0.4318	0.0651	100000	-0.0333
-5.5	-0.4345	0.05766	100000	-0.0354
-5	-0.4183	0.05216	100000	-0.0318
-4.5	-0.3964	0.04587	100000	-0.0329
-4	-0.324	0.02709	100000	-0.0371
-3.5	-0.275	0.02284	100000	-0.0358
-3	-0.2246	0.02018	100000	-0.0343
-2.5	-0.1735	0.01646	100000	-0.0332
-2	-0.1392	0.01368	100000	-0.0285
-1.5	-0.0855	0.01356	100000	-0.0286
-1	0.008	0.01446	100000	-0.0375
-0.5	0.0973	0.01521	100000	-0.0452
0	0.1834	0.01579	100000	-0.0519
0.5	0.2715	0.01618	100000	-0.0585
1	0.3688	0.01612	100000	-0.066
1.5	0.4375	0.01596	100000	-0.0676
2	0.5	0.01578	100000	-0.0676
2.5	0.5602	0.01543	100000	-0.0667
3	0.6179	0.01502	100000	-0.065
3.5	0.6715	0.01472	100000	-0.0626
4	0.7221	0.01467	100000	-0.06
4.5	0.7712	0.01488	100000	-0.0573
5	0.8191	0.01534	100000	-0.0547
5.5	0.8651	0.01615	100000	-0.0521
6	0.9079	0.01705	100000	-0.0493
6.5	0.9486	0.01842	100000	-0.0464
7	0.9853	0.02028	100000	-0.0434
7.5	1.0181	0.02268	100000	-0.04
8	1.0461	0.02575	100000	-0.0363
8.5	1.0782	0.03049	100000	-0.0324
9	1.1075	0.03547	100000	-0.0291
9.5	1.1305	0.04289	100000	-0.0257
10	1.1329	0.05029	100000	-0.0208
10.5	1.1204	0.05675	100000	-0.0155
11	1.0884	0.06425	100000	-0.0115
11.5	1.0488	0.07347	100000	-0.0121
12	1.0053	0.08567	100000	-0.0181
12.5	0.9545	0.10346	100000	-0.0281
13	0.8945	0.13441	100000	-0.0499
13.5	0.8825	0.1487	100000	-0.0563
14	0.8602	0.17104	100000	-0.0692
14.5	0.8672	0.17984	100000	-0.0727
15	0.8902	0.19672	100000	-0.0696
-4.5	-0.376	0.03185	150000	-0.0365
-4	-0.3309	0.0252	150000	-0.0354
-3.5	-0.269	0.02057	150000	-0.0361
-3	-0.1916	0.01699	150000	-0.0395
-2.5	-0.1186	0.01347	150000	-0.0436
-2	-0.0548	0.01212	150000	-0.0445
-1.5	0.0495	0.01185	150000	-0.0532
-1	0.1315	0.01201	150000	-0.0589
-0.5	0.2246	0.01193	150000	-0.0663
0	0.2913	0.01189	150000	-0.0683
0.5	0.3619	0.01166	150000	-0.0703
1	0.4211	0.01136	150000	-0.0697
1.5	0.47	0.01123	150000	-0.0674
2	0.5208	0.0111	150000	-0.0653
2.5	0.5722	0.01099	150000	-0.0633
3	0.6232	0.01098	150000	-0.0613
3.5	0.6735	0.01113	150000	-0.0593
4	0.7231	0.01145	150000	-0.0574
4.5	0.7717	0.01195	150000	-0.0555
5	0.8188	0.01263	150000	-0.0535
5.5	0.8647	0.01339	150000	-0.0515
6	0.9085	0.0144	150000	-0.0494
6.5	0.9508	0.01561	150000	-0.0472
7	0.9899	0.01719	150000	-0.0448
7.5	1.0263	0.0191	150000	-0.0423
8	1.0557	0.0222	150000	-0.0386
8.5	1.0826	0.02562	150000	-0.0347
9	1.1111	0.03015	150000	-0.0309
9.5	1.1324	0.03741	150000	-0.0272
10	1.1384	0.04551	150000	-0.0223
10.5	1.1279	0.052	150000	-0.0166
11	1.1018	0.05885	150000	-0.0123
11.5	1.0668	0.06744	150000	-0.0117
12	1.0231	0.07949	150000	-0.0162
14	0.8882	0.15488	150000	-0.062
14.5	0.8833	0.16774	150000	-0.0677
-4.5	-0.3326	0.02787	200000	-0.0433
-4	-0.2628	0.02138	200000	-0.0464
-3.5	-0.1905	0.01651	200000	-0.0493
-3	-0.1194	0.01399	200000	-0.0521
-2.5	-0.0508	0.01147	200000	-0.0557
-2	0.011	0.01042	200000	-0.0561
-1.5	0.1026	0.00998	200000	-0.0615
-1	0.2112	0.00968	200000	-0.0721
-0.5	0.2681	0.00958	200000	-0.0722
0	0.3254	0.0094	200000	-0.0717
0.5	0.3737	0.00922	200000	-0.0693
1	0.421	0.00916	200000	-0.0669
1.5	0.4707	0.00908	200000	-0.0649
2	0.5216	0.00906	200000	-0.0631
2.5	0.5722	0.00912	200000	-0.0613
3	0.6226	0.00931	200000	-0.0596
3.5	0.6726	0.00963	200000	-0.0581
4	0.7222	0.01007	200000	-0.0566
4.5	0.7709	0.01059	200000	-0.055
5	0.8184	0.01126	200000	-0.0533
5.5	0.8643	0.01213	200000	-0.0516
6	0.9099	0.01303	200000	-0.0499
6.5	0.953	0.01424	200000	-0.0481
7	0.9936	0.01573	200000	-0.0461
7.5	1.0322	0.01756	200000	-0.0438
8	1.0633	0.02043	200000	-0.0403
8.5	1.093	0.02343	200000	-0.0367
9	1.115	0.02822	200000	-0.0321
9.5	1.1437	0.03299	200000	-0.0284
10	1.1642	0.03686	200000	-0.0247
10.5	1.1678	0.04217	200000	-0.0195
11	1.1549	0.04847	200000	-0.0143
11.5	1.1299	0.05594	200000	-0.0113
12	1.0956	0.06538	200000	-0.0121
12.5	1.0555	0.07788	200000	-0.018
13	1.0104	0.09428	200000	-0.0288
13.5	0.9473	0.12146	200000	-0.0469
14	0.9038	0.14663	200000	-0.0594
14.5	0.8917	0.16131	200000	-0.0664
15	0.8938	0.17451	200000	-0.0722
-4.5	-0.2838	0.02283	250000	-0.0527
-4	-0.2085	0.0174	250000	-0.056
-3.5	-0.1444	0.01513	250000	-0.0571
-3	-0.0725	0.01159	250000	-0.0604
-2.5	-0.0057	0.0101	250000	-0.0635
-2	0.0514	0.00908	250000	-0.063
-1.5	0.1093	0.00863	250000	-0.0616
-1	0.2073	0.00831	250000	-0.0693
-0.5	0.2813	0.00807	250000	-0.0727
0.5	0.3708	0.00792	250000	-0.0672
1	0.4201	0.00787	250000	-0.0652
1.5	0.4698	0.00786	250000	-0.0634
2	0.52	0.00793	250000	-0.0617
2.5	0.5708	0.0081	250000	-0.0603
3	0.6213	0.00838	250000	-0.0589
3.5	0.6713	0.00878	250000	-0.0575
4	0.7209	0.00926	250000	-0.0561
4.5	0.7698	0.00984	250000	-0.0547
5	0.8184	0.01045	250000	-0.0534
5.5	0.8654	0.01125	250000	-0.0519
6	0.911	0.01222	250000	-0.0504
6.5	0.9549	0.0134	250000	-0.0488
7	0.9979	0.01473	250000	-0.0471
7.5	1.0391	0.01633	250000	-0.0452
8	1.0711	0.01905	250000	-0.042
9	1.1269	0.02553	250000	-0.034
9.5	1.1459	0.03034	250000	-0.0296
10.5	1.1434	0.0448	250000	-0.0183
11	1.1238	0.05116	250000	-0.0137
11.5	1.0931	0.05934	250000	-0.0122
12	1.0503	0.07111	250000	-0.0153
12.5	1.0228	0.08209	250000	-0.0214
13	0.9971	0.09506	250000	-0.0301
13.5	0.9743	0.10995	250000	-0.0403
14	0.954	0.12639	250000	-0.0508
14.5	0.9146	0.15378	250000	-0.0641
15	0.8957	0.17263	250000	-0.073
-5	-0.314	0.03005	300000	-0.0579
-4.5	-0.2428	0.01923	300000	-0.06
-4	-0.1796	0.01516	300000	-0.0607
-3.5	-0.1073	0.01317	300000	-0.0636
-3	-0.0363	0.01029	300000	-0.067
-2.5	0.0144	0.00912	300000	-0.0663
-2	0.0704	0.00824	300000	-0.0658
-1.5	0.1137	0.00767	300000	-0.0618
-1	0.1833	0.00741	300000	-0.063
-0.5	0.2763	0.00716	300000	-0.0705
0	0.3217	0.00707	300000	-0.068
0.5	0.369	0.00703	300000	-0.0658
1	0.4179	0.00704	300000	-0.064
1.5	0.4684	0.00711	300000	-0.0625
2	0.5191	0.00724	300000	-0.0611
2.5	0.5698	0.00747	300000	-0.0597
3	0.6204	0.00779	300000	-0.0585
3.5	0.6708	0.00819	300000	-0.0573
4	0.7208	0.00866	300000	-0.0561
4.5	0.7702	0.00921	300000	-0.0549
5	0.8183	0.00992	300000	-0.0535
5.5	0.8659	0.0107	300000	-0.0522
6	0.9124	0.01162	300000	-0.0509
6.5	0.9575	0.01274	300000	-0.0495
7	1.0012	0.01405	300000	-0.0479
7.5	1.0424	0.01568	300000	-0.046
8	1.0785	0.01792	300000	-0.0434
8.5	1.1093	0.02071	300000	-0.0397
9	1.1263	0.02532	300000	-0.0344
9.5	1.1521	0.02929	300000	-0.0305
10	1.1714	0.03411	300000	-0.0261
10.5	1.1724	0.03973	300000	-0.0203
11	1.1576	0.04602	300000	-0.0149
11.5	1.1318	0.05345	300000	-0.012
12	1.0992	0.06267	300000	-0.013
12.5	1.0634	0.07447	300000	-0.0185
13	1.0255	0.08907	300000	-0.0279
13.5	0.9866	0.10756	300000	-0.0404
14	0.9435	0.1306	300000	-0.0544
-4.5	-0.2188	0.01664	350000	-0.0637
-4	-0.153	0.0134	350000	-0.0652
-3.5	-0.0823	0.01175	350000	-0.0678
-3	-0.0312	0.00959	350000	-0.067
-2.5	0.0251	0.00847	350000	-0.0673
-2	0.0714	0.00768	350000	-0.0651
-1.5	0.1183	0.00704	350000	-0.0621
-1	0.1683	0.00675	350000	-0.0595
-0.5	0.2543	0.00653	350000	-0.065
0	0.319	0.00643	350000	-0.0668
0.5	0.3675	0.00644	350000	-0.065
1	0.4169	0.00649	350000	-0.0633
1.5	0.4673	0.00658	350000	-0.0619
2	0.5182	0.00675	350000	-0.0606
2.5	0.5689	0.00702	350000	-0.0594
3	0.6196	0.00738	350000	-0.0582
3.5	0.6703	0.00778	350000	-0.0571
4	0.7201	0.00828	350000	-0.056
4.5	0.7692	0.00888	350000	-0.0548
5	0.8189	0.00948	350000	-0.0538
5.5	0.8668	0.01026	350000	-0.0526
6	0.9135	0.01121	350000	-0.0513
6.5	0.9585	0.01238	350000	-0.0499
7	1.0042	0.01349	350000	-0.0486
7.5	1.0468	0.01497	350000	-0.0469
8	1.084	0.01707	350000	-0.0445
8.5	1.1168	0.01966	350000	-0.0411
9	1.1381	0.0235	350000	-0.0361
9.5	1.1638	0.02709	350000	-0.032
10	1.1826	0.03194	350000	-0.0274
10.5	1.1859	0.03754	350000	-0.0215
11	1.1729	0.04378	350000	-0.0158
11.5	1.1482	0.05107	350000	-0.0122
12	1.1158	0.05999	350000	-0.0123
12.5	1.0803	0.0714	350000	-0.0171
13	1.0427	0.08549	350000	-0.0259
13.5	1.0048	0.10309	350000	-0.0378
14	0.9641	0.12494	350000	-0.0515
14.5	0.924	0.14906	350000	-0.0637
15	0.9065	0.16587	350000	-0.0718
-5	-0.2586	0.01994	400000	-0.0663
-4.5	-0.1986	0.0159	400000	-0.067
-4	-0.1356	0.01239	400000	-0.0681
-3.5	-0.0777	0.01087	400000	-0.068
-3	-0.0258	0.00906	400000	-0.0672
-2.5	0.0238	0.00806	400000	-0.0662
-2	0.0721	0.00723	400000	-0.0645
-1.5	0.1187	0.00663	400000	-0.0618
-1	0.1653	0.00625	400000	-0.0586
-0.5	0.2377	0.00608	400000	-0.0611
0	0.3175	0.00596	400000	-0.066
0.5	0.3663	0.00599	400000	-0.0644
1	0.4162	0.00606	400000	-0.0629
1.5	0.4665	0.0062	400000	-0.0615
2	0.5171	0.00642	400000	-0.0602
2.5	0.5679	0.00672	400000	-0.0591
3	0.6187	0.00709	400000	-0.058
3.5	0.6695	0.0075	400000	-0.057
4	0.7201	0.00796	400000	-0.056
4.5	0.77	0.0085	400000	-0.055
5	0.8194	0.00914	400000	-0.054
5.5	0.8671	0.00998	400000	-0.0528
6	0.9147	0.01086	400000	-0.0517
6.5	0.9608	0.01193	400000	-0.0504
7	1.006	0.01313	400000	-0.0491
7.5	1.0489	0.01457	400000	-0.0475
8	1.0841	0.01699	400000	-0.0445
8.5	1.1117	0.0202	400000	-0.0403
9	1.1488	0.02204	400000	-0.0377
9.5	1.1728	0.02562	400000	-0.0332
10	1.1918	0.03018	400000	-0.0285
10.5	1.1973	0.03557	400000	-0.0227
11	1.1867	0.04164	400000	-0.0167
11.5	1.1661	0.04834	400000	-0.0127
12	1.1376	0.05652	400000	-0.0119
12.5	1.103	0.06731	400000	-0.0154
13	1.0627	0.08133	400000	-0.0235
13.5	1.0201	0.09926	400000	-0.0355
14	0.9783	0.12085	400000	-0.0494
14.5	0.9335	0.1464	400000	-0.0626
15	0.9125	0.16462	400000	-0.0713
-5	-0.2395	0.02031	450000	-0.0694
-4	-0.1253	0.01216	450000	-0.0696
-3.5	-0.0771	0.01024	450000	-0.0675
-3	-0.026	0.00869	450000	-0.0664
-2.5	0.0224	0.00775	450000	-0.0652
-2	0.0718	0.00696	450000	-0.0637
-1.5	0.1192	0.00633	450000	-0.0615
-1	0.1663	0.00594	450000	-0.0586
-0.5	0.2265	0.0057	450000	-0.0585
0	0.3123	0.00564	450000	-0.0646
0.5	0.3653	0.00564	450000	-0.0639
1	0.4156	0.00573	450000	-0.0626
1.5	0.4661	0.00589	450000	-0.0613
2	0.5168	0.00613	450000	-0.0601
2.5	0.5678	0.00643	450000	-0.059
3	0.6187	0.0068	450000	-0.058
3.5	0.6697	0.0072	450000	-0.0571
4	0.7204	0.00767	450000	-0.0561
4.5	0.7701	0.00826	450000	-0.0551
5	0.8191	0.00895	450000	-0.054
5.5	0.8686	0.00964	450000	-0.0531
6	0.915	0.01067	450000	-0.0519
6.5	0.9624	0.01162	450000	-0.0508
7	1.0081	0.01276	450000	-0.0495
7.5	1.0512	0.0142	450000	-0.0479
8	1.0898	0.01618	450000	-0.0455
8.5	1.1239	0.01862	450000	-0.0423
9	1.1568	0.02101	450000	-0.0389
9.5	1.1817	0.0243	450000	-0.0345
10	1.201	0.02844	450000	-0.0298
10.5	1.2091	0.03322	450000	-0.024
11	1.2086	0.03774	450000	-0.0186
11.5	1.2014	0.04252	450000	-0.0145
12	1.1855	0.04876	450000	-0.0124
12.5	1.1589	0.0575	450000	-0.0132
13	1.124	0.06942	450000	-0.0181
13.5	1.0813	0.08489	450000	-0.0272
14	1.0164	0.10981	450000	-0.043
14.5	0.9445	0.14284	450000	-0.0612
15	0.9163	0.16378	450000	-0.071
-5	-0.2378	0.01794	500000	-0.0697
-4.5	-0.1782	0.0152	500000	-0.0703
-4	-0.1256	0.01262	500000	-0.0691
-3.5	-0.0783	0.00976	500000	-0.0667
-3	-0.029	0.00845	500000	-0.0652
-2.5	0.021	0.00754	500000	-0.0642
-2	0.0706	0.00673	500000	-0.063
-1.5	0.1196	0.00611	500000	-0.0613
-1	0.1672	0.00567	500000	-0.0588
-0.5	0.2194	0.00541	500000	-0.0569
0	0.3015	0.00535	500000	-0.0621
0.5	0.3647	0.00539	500000	-0.0636
1	0.4149	0.00549	500000	-0.0623
1.5	0.4654	0.00566	500000	-0.0611
2	0.5161	0.00593	500000	-0.0599
2.5	0.5672	0.00624	500000	-0.0589
3	0.6183	0.0066	500000	-0.0579
3.5	0.6693	0.00702	500000	-0.057
4	0.72	0.0075	500000	-0.0561
4.5	0.7698	0.00809	500000	-0.0551
5	0.82	0.0087	500000	-0.0543
5.5	0.8693	0.00942	500000	-0.0534
6	0.9164	0.01039	500000	-0.0522
6.5	0.9633	0.01141	500000	-0.0511
7	1.0102	0.01242	500000	-0.05
7.5	1.0533	0.01385	500000	-0.0484
8	1.0937	0.01561	500000	-0.0463
8.5	1.1305	0.01774	500000	-0.0434
9	1.1639	0.0201	500000	-0.04
9.5	1.1905	0.02307	500000	-0.0359
10	1.2105	0.02677	500000	-0.0311
10.5	1.2225	0.03042	500000	-0.0258
11	1.2236	0.03464	500000	-0.0203
11.5	1.212	0.04029	500000	-0.0155
12	1.1935	0.0471	500000	-0.0129
12.5	1.1684	0.05552	500000	-0.0132
13	1.1399	0.06616	500000	-0.0172
13.5	1.1079	0.07907	500000	-0.0244
14	1.0737	0.09486	500000	-0.0344
14.5	1.0361	0.11407	500000	-0.0464
15	0.9203	0.16265	500000	-0.0705
-5	-0.2336	0.0168	550000	-0.0703
-4.5	-0.1766	0.01405	550000	-0.0702
-4	-0.1292	0.01161	550000	-0.0679
-3.5	-0.0805	0.00943	550000	-0.0657
-3	-0.0313	0.0082	550000	-0.0643
-2.5	0.0196	0.00736	550000	-0.0635
-2	0.0698	0.00657	550000	-0.0625
-1.5	0.1195	0.00594	550000	-0.061
-1	0.168	0.00546	550000	-0.0589
-0.5	0.2169	0.00522	550000	-0.0563
0	0.2928	0.00512	550000	-0.0602
0.5	0.3645	0.00515	550000	-0.0635
1	0.4143	0.0053	550000	-0.0621
1.5	0.4645	0.00551	550000	-0.0608
2	0.5152	0.00578	550000	-0.0597
2.5	0.5662	0.00611	550000	-0.0587
3	0.6176	0.00647	550000	-0.0578
3.5	0.6686	0.00689	550000	-0.0569
4	0.7198	0.00735	550000	-0.0561
4.5	0.7706	0.00786	550000	-0.0553
5	0.8204	0.00851	550000	-0.0544
5.5	0.8693	0.00929	550000	-0.0535
6	0.917	0.01022	550000	-0.0525
6.5	0.9646	0.01117	550000	-0.0514
7	1.0115	0.01218	550000	-0.0503
7.5	1.0548	0.0136	550000	-0.0487
8	1.0967	0.01517	550000	-0.0468
8.5	1.1353	0.01711	550000	-0.0442
9	1.1703	0.01931	550000	-0.0411
9.5	1.1972	0.02221	550000	-0.0369
10	1.2167	0.02578	550000	-0.0321
10.5	1.2223	0.0302	550000	-0.0259
11	1.2126	0.03595	550000	-0.0195
11.5	1.1975	0.042	550000	-0.0148
12	1.1756	0.04919	550000	-0.0127
12.5	1.1494	0.05806	550000	-0.014
13	1.1213	0.06902	550000	-0.0188
13.5	1.0919	0.08185	550000	-0.0264
14	1.0635	0.09689	550000	-0.036
14.5	1.0357	0.11374	550000	-0.0466
15	1.0067	0.13236	550000	-0.0575
-4.5	-0.1811	0.0133	600000	-0.069
-4	-0.1325	0.01102	600000	-0.0668
-3.5	-0.0834	0.00916	600000	-0.0648
-3	-0.0331	0.00804	600000	-0.0635
-2.5	0.0183	0.00721	600000	-0.0628
-2	0.0688	0.0064	600000	-0.0619
-1.5	0.1198	0.00583	600000	-0.0608
-1	0.1691	0.00532	600000	-0.059
-0.5	0.2174	0.00504	600000	-0.0565
0	0.2841	0.00494	600000	-0.0582
0.5	0.3643	0.00496	600000	-0.0634
1	0.4142	0.00511	600000	-0.0621
1.5	0.4646	0.00532	600000	-0.0608
2	0.5153	0.0056	600000	-0.0597
2.5	0.5664	0.00593	600000	-0.0587
3	0.6178	0.00629	600000	-0.0579
3.5	0.6691	0.0067	600000	-0.0571
4	0.7202	0.00717	600000	-0.0563
4.5	0.7711	0.00769	600000	-0.0555
5	0.8205	0.00839	600000	-0.0546
5.5	0.87	0.00912	600000	-0.0537
6	0.9175	0.01008	600000	-0.0526
6.5	0.9659	0.01093	600000	-0.0517
7	1.0122	0.01202	600000	-0.0505
7.5	1.0558	0.01341	600000	-0.049
8	1.0989	0.01484	600000	-0.0473
8.5	1.139	0.01661	600000	-0.0449
9	1.1743	0.01881	600000	-0.0417
9.5	1.1991	0.02197	600000	-0.0372
10	1.2131	0.02628	600000	-0.0317
10.5	1.207	0.03247	600000	-0.0244
11	1.1938	0.03843	600000	-0.0181
11.5	1.1733	0.04498	600000	-0.0139
12	1.1476	0.05274	600000	-0.0129
12.5	1.1203	0.06234	600000	-0.0155
13	1.0923	0.07394	600000	-0.0216
13.5	1.0644	0.08729	600000	-0.03
14	1.039	0.10256	600000	-0.0399
14.5	1.0155	0.11898	600000	-0.05
15	0.9934	0.13606	600000	-0.0598
-5	-0.2324	0.01508	650000	-0.0699
-4.5	-0.1844	0.01259	650000	-0.0679
-4	-0.1351	0.01062	650000	-0.0659
-3.5	-0.0854	0.00911	650000	-0.0641
-3	-0.0348	0.00788	650000	-0.0628
-2.5	0.0169	0.00703	650000	-0.0623
-2	0.0682	0.00631	650000	-0.0615
-1.5	0.1198	0.0057	650000	-0.0606
-1	0.1695	0.0052	650000	-0.0589
-0.5	0.2188	0.0049	650000	-0.0569
0	0.2776	0.00481	650000	-0.0567
0.5	0.3595	0.00481	650000	-0.0623
1	0.4139	0.00496	650000	-0.062
1.5	0.4644	0.00518	650000	-0.0608
2	0.5151	0.00547	650000	-0.0597
2.5	0.5663	0.00579	650000	-0.0587
3	0.618	0.00614	650000	-0.0579
3.5	0.6693	0.00655	650000	-0.0571
4	0.7203	0.00704	650000	-0.0563
4.5	0.7711	0.00758	650000	-0.0556
5	0.8208	0.00827	650000	-0.0547
5.5	0.8704	0.00898	650000	-0.0539
6	0.9183	0.00991	650000	-0.0528
6.5	0.9669	0.01075	650000	-0.0519
7	1.0133	0.01184	650000	-0.0507
7.5	1.0573	0.01319	650000	-0.0493
8	1.1004	0.01461	650000	-0.0476
8.5	1.142	0.0162	650000	-0.0454
9	1.1755	0.01865	650000	-0.0419
9.5	1.1963	0.02231	650000	-0.0368
10	1.1996	0.02854	650000	-0.0302
10.5	1.1878	0.0354	650000	-0.0226
11	1.1689	0.04162	650000	-0.0165
11.5	1.144	0.04866	650000	-0.0133
12	1.1159	0.05705	650000	-0.0136
12.5	1.088	0.06745	650000	-0.0179
13	1.0605	0.07964	650000	-0.0251
13.5	1.0349	0.09371	650000	-0.0343
14	1.0123	0.10926	650000	-0.0444
14.5	0.9924	0.12541	650000	-0.054
15	0.9748	0.14167	650000	-0.063
-5	-0.2362	0.01428	700000	-0.0687
-4.5	-0.1878	0.01192	700000	-0.0668
-4	-0.1379	0.01027	700000	-0.0651
-3.5	-0.087	0.00918	700000	-0.0636
-3	-0.0359	0.00773	700000	-0.0624
-2.5	0.0159	0.00689	700000	-0.0618
-2	0.0675	0.0062	700000	-0.0611
-1.5	0.1197	0.0056	700000	-0.0604
-1	0.17	0.00514	700000	-0.0589
-0.5	0.2199	0.00479	700000	-0.0572
0	0.2732	0.00466	700000	-0.0558
0.5	0.3526	0.0047	700000	-0.0607
1	0.4133	0.00486	700000	-0.0618
1.5	0.4638	0.00509	700000	-0.0606
2	0.5147	0.00537	700000	-0.0596
2.5	0.5659	0.0057	700000	-0.0587
3	0.6179	0.00603	700000	-0.0579
3.5	0.6692	0.00645	700000	-0.0572
4	0.72	0.00697	700000	-0.0563
4.5	0.7709	0.00751	700000	-0.0556
5	0.8215	0.00811	700000	-0.0549
5.5	0.8703	0.00892	700000	-0.0539
6	0.9193	0.00974	700000	-0.053
6.5	0.9676	0.01061	700000	-0.0521
7	1.0145	0.01164	700000	-0.051
7.5	1.0588	0.01296	700000	-0.0495
8	1.1014	0.01446	700000	-0.0477
8.5	1.1443	0.01589	700000	-0.0458
9	1.1746	0.01876	700000	-0.0417
9.5	1.1879	0.0235	700000	-0.0356
10	1.2051	0.02774	700000	-0.0309
10.5	1.2181	0.03105	700000	-0.0257
11	1.2177	0.03521	700000	-0.02
11.5	1.2073	0.04039	700000	-0.0154
12	1.1876	0.04713	700000	-0.0131
12.5	1.1585	0.0562	700000	-0.014
13	1.1211	0.06872	700000	-0.0196
13.5	1.0759	0.08508	700000	-0.0295
14	1.016	0.10883	700000	-0.0446
15	0.9564	0.14764	700000	-0.0662
-5	-0.2396	0.01344	750000	-0.0676
-4.5	-0.1908	0.01131	750000	-0.0658
-4	-0.1403	0.00996	750000	-0.0644
-3.5	-0.0891	0.00886	750000	-0.0629
-3	-0.0369	0.00761	750000	-0.062
-2.5	0.015	0.00679	750000	-0.0614
-2	0.0671	0.0061	750000	-0.0609
-1.5	0.1195	0.00549	750000	-0.0602
-1	0.1704	0.00505	750000	-0.0589
-0.5	0.221	0.00471	750000	-0.0574
0	0.2713	0.00455	750000	-0.0555
0.5	0.3463	0.00461	750000	-0.0593
1	0.4128	0.00478	750000	-0.0617
2	0.514	0.00531	750000	-0.0595
2.5	0.5654	0.00564	750000	-0.0586
3	0.6174	0.00597	750000	-0.0579
3.5	0.6689	0.00638	750000	-0.0571
4	0.7198	0.0069	750000	-0.0564
4.5	0.7712	0.00739	750000	-0.0557
5	0.822	0.00798	750000	-0.055
5.5	0.8704	0.00885	750000	-0.054
6	0.9199	0.0096	750000	-0.0532
6.5	0.9681	0.0105	750000	-0.0522
7	1.0154	0.01149	750000	-0.0512
7.5	1.06	0.01277	750000	-0.0498
8	1.1017	0.01443	750000	-0.0477
8.5	1.1458	0.01569	750000	-0.046
9	1.1714	0.01914	750000	-0.0412
9.5	1.1857	0.02389	750000	-0.0354
10	1.221	0.02538	750000	-0.0329
10.5	1.2376	0.02848	750000	-0.028
11	1.2448	0.03177	750000	-0.0227
11.5	1.2478	0.03535	750000	-0.0182
12	1.2464	0.03951	750000	-0.0151
12.5	1.2382	0.04499	750000	-0.0135
13	1.2187	0.05281	750000	-0.0143
13.5	1.1907	0.06359	750000	-0.0184
14	1.1489	0.07859	750000	-0.0265
15	0.9401	0.15317	750000	-0.0689
-5	-0.2424	0.01287	800000	-0.0667
-4.5	-0.1932	0.01081	800000	-0.065
-4	-0.1423	0.00968	800000	-0.0638
-3.5	-0.0907	0.00862	800000	-0.0624
-2.5	0.014	0.00667	800000	-0.061
-2	0.067	0.00604	800000	-0.0607
-1.5	0.1194	0.00544	800000	-0.06
-0.5	0.2215	0.00465	800000	-0.0575
0	0.2712	0.00445	800000	-0.0555
0.5	0.3423	0.00449	800000	-0.0585
1	0.4129	0.00466	800000	-0.0617
1.5	0.4631	0.00492	800000	-0.0605
2	0.514	0.00521	800000	-0.0595
2.5	0.5653	0.00555	800000	-0.0586
3.5	0.6688	0.00631	800000	-0.0572
4	0.7203	0.00677	800000	-0.0565
4.5	0.7716	0.00728	800000	-0.0558
5	0.8223	0.00789	800000	-0.0551
5.5	0.871	0.00873	800000	-0.0542
6	0.9204	0.00949	800000	-0.0534
6.5	0.9687	0.01038	800000	-0.0524
7	1.0159	0.01138	800000	-0.0513
7.5	1.0609	0.01262	800000	-0.05
8	1.1038	0.01412	800000	-0.0481
8.5	1.1463	0.01564	800000	-0.046
9.5	1.2019	0.02165	800000	-0.0377
10	1.2338	0.02368	800000	-0.0348
10.5	1.2573	0.02609	800000	-0.0308
11	1.2723	0.02841	800000	-0.0259
11.5	1.2753	0.03185	800000	-0.0209
12	1.2606	0.03745	800000	-0.0162
12.5	1.2342	0.04513	800000	-0.0137
13	1.2039	0.05465	800000	-0.0149
-5	-0.2441	0.01282	850000	-0.0661
-4.5	-0.1952	0.01049	850000	-0.0644
-4	-0.1442	0.00941	850000	-0.0632
-3.5	-0.0917	0.0084	850000	-0.0621
-3	-0.0387	0.00737	850000	-0.0613
-2.5	0.0132	0.00659	850000	-0.0607
-2	0.0666	0.00593	850000	-0.0605
-1.5	0.119	0.00537	850000	-0.0598
-1	0.1712	0.00491	850000	-0.059
-0.5	0.2219	0.0046	850000	-0.0575
0	0.2718	0.00439	850000	-0.0557
0.5	0.3376	0.0044	850000	-0.0574
1	0.413	0.00457	850000	-0.0617
1.5	0.4631	0.00483	850000	-0.0605
2	0.5141	0.00512	850000	-0.0596
2.5	0.5656	0.00544	850000	-0.0587
3	0.6173	0.0058	850000	-0.0579
3.5	0.6691	0.0062	850000	-0.0573
4	0.7207	0.00666	850000	-0.0566
4.5	0.7718	0.00721	850000	-0.0559
5	0.8222	0.00783	850000	-0.0552
5.5	0.8714	0.00863	850000	-0.0543
6	0.9207	0.00942	850000	-0.0535
6.5	0.9696	0.01025	850000	-0.0526
7	1.0163	0.0113	850000	-0.0514
7.5	1.0615	0.01252	850000	-0.0501
8	1.1057	0.01385	850000	-0.0485
8.5	1.1458	0.01572	850000	-0.0459
9	1.1697	0.01933	850000	-0.0409
9.5	1.2128	0.02029	850000	-0.0394
10	1.2465	0.02213	850000	-0.0367
10.5	1.274	0.02426	850000	-0.0333
11	1.2778	0.02768	850000	-0.0268
11.5	1.2648	0.03284	850000	-0.0201
12	1.2629	0.03718	850000	-0.0162
12.5	1.2506	0.04319	850000	-0.0139
13	1.2283	0.05124	850000	-0.0142
13.5	1.2003	0.06188	850000	-0.0179
14	1.1671	0.07512	850000	-0.025
14.5	1.1304	0.09083	850000	-0.0344
15	1.0917	0.10917	850000	-0.0454
-5	-0.2449	0.01323	900000	-0.0657
-4.5	-0.1967	0.01036	900000	-0.064
-4	-0.1459	0.00916	900000	-0.0627
-3.5	-0.0927	0.00821	900000	-0.0618
-3	-0.0395	0.00726	900000	-0.061
-2.5	0.0128	0.00654	900000	-0.0605
-2	0.0663	0.00586	900000	-0.0603
-1.5	0.1186	0.00531	900000	-0.0596
-1	0.1715	0.00486	900000	-0.059
-0.5	0.2227	0.00457	900000	-0.0577
0	0.2724	0.00435	900000	-0.0559
0.5	0.3335	0.00433	900000	-0.0565
1	0.4116	0.0045	900000	-0.0614
1.5	0.463	0.00476	900000	-0.0605
2	0.5141	0.00504	900000	-0.0596
2.5	0.5657	0.00535	900000	-0.0588
3	0.6174	0.00572	900000	-0.058
3.5	0.6693	0.00611	900000	-0.0573
4	0.7209	0.00658	900000	-0.0567
4.5	0.7716	0.00716	900000	-0.0559
5	0.8222	0.0078	900000	-0.0552
5.5	0.8717	0.00855	900000	-0.0544
6	0.921	0.00934	900000	-0.0536
6.5	0.9703	0.01012	900000	-0.0527
7	1.0168	0.01121	900000	-0.0516
7.5	1.0621	0.01242	900000	-0.0502
8	1.1074	0.01361	900000	-0.0488
8.5	1.144	0.01596	900000	-0.0455
9	1.1793	0.01815	900000	-0.0424
9.5	1.2216	0.01924	900000	-0.0409
10	1.2564	0.021	900000	-0.0383
10.5	1.2732	0.02428	900000	-0.0334
11	1.2768	0.02779	900000	-0.0267
11.5	1.2818	0.03115	900000	-0.0215
12	1.2769	0.03568	900000	-0.017
12.5	1.263	0.04172	900000	-0.0142
13	1.24	0.04965	900000	-0.0139
13.5	1.2113	0.06014	900000	-0.0172
14	1.1782	0.07318	900000	-0.0239
14.5	1.142	0.08847	900000	-0.033
15	1.1052	0.10619	900000	-0.0437
-5	-0.2448	0.01399	950000	-0.0656
-4.5	-0.1976	0.01038	950000	-0.0636
-4	-0.1474	0.00893	950000	-0.0622
-3.5	-0.0935	0.00804	950000	-0.0615
-3	-0.0402	0.00718	950000	-0.0608
-2.5	0.0126	0.00647	950000	-0.0603
-2	0.0662	0.00582	950000	-0.0601
-1.5	0.1186	0.00529	950000	-0.0595
-1	0.1718	0.00484	950000	-0.059
-0.5	0.2232	0.0045	950000	-0.0578
0	0.2731	0.00432	950000	-0.0561
0.5	0.3298	0.00428	950000	-0.0557
1	0.4074	0.00445	950000	-0.0605
1.5	0.4627	0.00472	950000	-0.0605
2	0.514	0.00498	950000	-0.0596
2.5	0.5658	0.00528	950000	-0.0588
3	0.6174	0.00565	950000	-0.058
3.5	0.6694	0.00604	950000	-0.0574
4	0.7209	0.00652	950000	-0.0567
4.5	0.7715	0.00713	950000	-0.056
5	0.8225	0.00771	950000	-0.0553
5.5	0.8718	0.0085	950000	-0.0545
6	0.9215	0.00925	950000	-0.0537
6.5	0.9709	0.01001	950000	-0.0529
7	1.0176	0.01109	950000	-0.0517
7.5	1.0629	0.0123	950000	-0.0504
8	1.1088	0.0134	950000	-0.049
9	1.1858	0.01734	950000	-0.0436
9.5	1.2283	0.01844	950000	-0.0421
10	1.2575	0.02084	950000	-0.0386
10.5	1.2753	0.02408	950000	-0.0336
11	1.2889	0.02673	950000	-0.0282
11.5	1.2923	0.03015	950000	-0.0225
12	1.2873	0.03458	950000	-0.0176
12.5	1.274	0.04042	950000	-0.0144
13	1.2517	0.04806	950000	-0.0137
13.5	1.223	0.05828	950000	-0.0166
14	1.1894	0.07119	950000	-0.023
14.5	1.1522	0.08641	950000	-0.0318
15	1.1146	0.1041	950000	-0.0425
-5	-0.2444	0.01487	1000000	-0.0655
-4.5	-0.1982	0.01057	1000000	-0.0634
-4	-0.1483	0.00875	1000000	-0.0619
-3.5	-0.0943	0.00789	1000000	-0.0612
-3	-0.0409	0.00712	1000000	-0.0605
-2.5	0.0123	0.00639	1000000	-0.0602
-2	0.066	0.00578	1000000	-0.06
-1.5	0.1187	0.00525	1000000	-0.0595
-1	0.1717	0.00479	1000000	-0.0589
-0.5	0.2236	0.00445	1000000	-0.0579
0	0.2741	0.0043	1000000	-0.0563
0.5	0.3262	0.00425	1000000	-0.055
1	0.4034	0.00442	1000000	-0.0596
1.5	0.4623	0.00468	1000000	-0.0604
2	0.5136	0.00495	1000000	-0.0595
2.5	0.5657	0.00523	1000000	-0.0588
3	0.6172	0.00561	1000000	-0.058
3.5	0.6693	0.006	1000000	-0.0574
4	0.7208	0.00648	1000000	-0.0567
4.5	0.7716	0.00707	1000000	-0.056
5	0.8229	0.00763	1000000	-0.0554
5.5	0.8719	0.00845	1000000	-0.0545
6	0.9221	0.00914	1000000	-0.0538
6.5	0.9714	0.00992	1000000	-0.053
7	1.0183	0.01097	1000000	-0.0519
7.5	1.0638	0.01216	1000000	-0.0505
8	1.1102	0.01322	1000000	-0.0493
8.5	1.1451	0.01581	1000000	-0.0456
9	1.1908	0.0167	1000000	-0.0445
9.5	1.2317	0.01802	1000000	-0.0427
10	1.2561	0.02099	1000000	-0.0384
10.5	1.2835	0.02328	1000000	-0.0347
11	1.2979	0.02597	1000000	-0.0293
11.5	1.3015	0.02929	1000000	-0.0234
12	1.2981	0.03348	1000000	-0.0184
12.5	1.2872	0.03888	1000000	-0.0149
13	1.2677	0.04596	1000000	-0.0136
13.5	1.2409	0.05548	1000000	-0.0156
14	1.2073	0.06799	1000000	-0.0214
14.5	1.168	0.08327	1000000	-0.0301
15	1.1274	0.10122	1000000	-0.0409
-5	-0.2486	0.0134	1100000	-0.0646
-4.5	-0.1977	0.01174	1100000	-0.0633
-4	-0.1495	0.00858	1100000	-0.0615
-3.5	-0.0956	0.00765	1100000	-0.0608
-3	-0.0421	0.007	1100000	-0.0601
-2.5	0.0118	0.00625	1100000	-0.06
-2	0.0653	0.00569	1100000	-0.0596
-1.5	0.1187	0.00514	1100000	-0.0593
-1	0.1718	0.00478	1100000	-0.0588
-0.5	0.2244	0.00441	1100000	-0.058
0	0.2758	0.00423	1100000	-0.0568
1	0.3957	0.00432	1100000	-0.058
1.5	0.4623	0.00458	1100000	-0.0605
2	0.5132	0.00488	1100000	-0.0595
2.5	0.5652	0.00517	1100000	-0.0588
3	0.6168	0.00555	1100000	-0.058
3.5	0.6689	0.00595	1100000	-0.0574
4	0.7208	0.0064	1100000	-0.0568
4.5	0.7723	0.00691	1100000	-0.0562
5	0.8229	0.00755	1100000	-0.0555
5.5	0.8727	0.0083	1100000	-0.0547
6	0.9231	0.00896	1100000	-0.054
6.5	0.9719	0.0098	1100000	-0.0531
7	1.0192	0.01081	1100000	-0.0521
7.5	1.0655	0.01191	1100000	-0.0508
8	1.1124	0.0129	1100000	-0.0496
8.5	1.152	0.01489	1100000	-0.0469
9	1.1974	0.01583	1100000	-0.0457
9.5	1.2318	0.018	1100000	-0.0427
10	1.2668	0.01985	1100000	-0.0399
10.5	1.295	0.02212	1100000	-0.0363
11	1.3136	0.02469	1100000	-0.0315
11.5	1.3208	0.02753	1100000	-0.0256
12	1.3233	0.03094	1100000	-0.0205
12.5	1.3209	0.0351	1100000	-0.0167
13	1.3132	0.04041	1100000	-0.0145
13.5	1.2969	0.04745	1100000	-0.0143
14	1.2736	0.05702	1100000	-0.0172
14.5	1.2418	0.0696	1100000	-0.0232
15	1.199	0.08567	1100000	-0.0321
-5	-0.2522	0.01225	1200000	-0.0637
-4.5	-0.2012	0.01065	1200000	-0.0625
-4	-0.1497	0.00875	1200000	-0.0614
-3.5	-0.0969	0.00746	1200000	-0.0604
-3	-0.0427	0.00685	1200000	-0.0599
-2.5	0.0114	0.00618	1200000	-0.0597
-2	0.0648	0.00567	1200000	-0.0594
-1.5	0.1188	0.00511	1200000	-0.0592
-1	0.1719	0.00472	1200000	-0.0587
-0.5	0.2247	0.0044	1200000	-0.058
0	0.2769	0.00419	1200000	-0.057
0.5	0.3266	0.00413	1200000	-0.0553
1	0.3896	0.00422	1200000	-0.0566
1.5	0.4626	0.00446	1200000	-0.0606
2	0.5136	0.00476	1200000	-0.0596
2.5	0.5653	0.00507	1200000	-0.0588
3	0.6172	0.00544	1200000	-0.0581
3.5	0.6693	0.00583	1200000	-0.0575
4	0.7213	0.00627	1200000	-0.0569
4.5	0.7727	0.0068	1200000	-0.0563
5	0.8226	0.00752	1200000	-0.0555
5.5	0.8735	0.00815	1200000	-0.0549
6	0.9237	0.00884	1200000	-0.0542
6.5	0.9724	0.0097	1200000	-0.0533
7	1.0197	0.01072	1200000	-0.0522
7.5	1.0669	0.01171	1200000	-0.0511
8	1.1142	0.01265	1200000	-0.05
8.5	1.1563	0.01429	1200000	-0.0477
9	1.1984	0.01569	1200000	-0.046
9.5	1.2381	0.01726	1200000	-0.0437
10	1.274	0.01907	1200000	-0.041
10.5	1.3044	0.02118	1200000	-0.0377
11	1.3283	0.02349	1200000	-0.0336
11.5	1.341	0.02584	1200000	-0.0281
12	1.3488	0.02858	1200000	-0.0231
12.5	1.3494	0.03217	1200000	-0.0187
13	1.3387	0.03741	1200000	-0.0154
13.5	1.3156	0.04487	1200000	-0.0144
14	1.2864	0.05488	1200000	-0.0168
14.5	1.2555	0.06704	1200000	-0.0223
15	1.2238	0.08075	1200000	-0.0298
-5	-0.2552	0.01131	1300000	-0.0629
-4.5	-0.2033	0.00993	1300000	-0.0619
-4	-0.1496	0.00903	1300000	-0.0613
-3.5	-0.098	0.00731	1300000	-0.06
-3	-0.0431	0.00673	1300000	-0.0597
-2.5	0.0109	0.00609	1300000	-0.0595
-2	0.0646	0.00557	1300000	-0.0593
-1.5	0.1184	0.00505	1300000	-0.059
-1	0.1724	0.00471	1300000	-0.0587
-0.5	0.2247	0.00439	1300000	-0.0579
0.5	0.3276	0.00412	1300000	-0.0557
1	0.384	0.00416	1300000	-0.0554
1.5	0.4604	0.00439	1300000	-0.0601
2	0.5137	0.00467	1300000	-0.0597
2.5	0.5655	0.00497	1300000	-0.0589
3	0.6175	0.00533	1300000	-0.0582
3.5	0.6695	0.00574	1300000	-0.0576
4	0.7214	0.00619	1300000	-0.057
4.5	0.7727	0.00674	1300000	-0.0564
5	0.8232	0.00741	1300000	-0.0557
5.5	0.8739	0.00804	1300000	-0.055
6	0.924	0.00876	1300000	-0.0543
6.5	0.9733	0.00955	1300000	-0.0535
7	1.0204	0.0106	1300000	-0.0523
7.5	1.068	0.01154	1300000	-0.0513
8	1.1155	0.01246	1300000	-0.0502
8.5	1.1592	0.01387	1300000	-0.0483
9	1.2012	0.01533	1300000	-0.0464
9.5	1.2425	0.01673	1300000	-0.0444
10	1.2798	0.01843	1300000	-0.0419
10.5	1.3127	0.02034	1300000	-0.0389
11	1.3407	0.02238	1300000	-0.0355
11.5	1.358	0.02454	1300000	-0.0305
12	1.3618	0.02745	1300000	-0.0245
12.5	1.3457	0.03238	1300000	-0.0185
13	1.3117	0.04019	1300000	-0.0146
13.5	1.2751	0.04992	1300000	-0.0149
14	1.2422	0.06152	1300000	-0.0193
14.5	1.2123	0.07447	1300000	-0.0261
15	1.1845	0.08818	1300000	-0.034
-4.5	-0.205	0.00942	1400000	-0.0615
-4	-0.1516	0.00847	1400000	-0.0608
-3.5	-0.0987	0.0072	1400000	-0.0598
-3	-0.0435	0.00663	1400000	-0.0596
-2.5	0.0103	0.00601	1400000	-0.0593
-2	0.0646	0.00551	1400000	-0.0592
-1.5	0.1182	0.00506	1400000	-0.0588
-1	0.1724	0.00465	1400000	-0.0586
-0.5	0.2253	0.00437	1400000	-0.058
0	0.2777	0.00421	1400000	-0.0572
0.5	0.3288	0.00415	1400000	-0.056
1	0.3799	0.00415	1400000	-0.0546
1.5	0.4559	0.00435	1400000	-0.0591
2	0.5135	0.00463	1400000	-0.0597
2.5	0.5654	0.00492	1400000	-0.0589
3	0.6175	0.00527	1400000	-0.0583
3.5	0.6694	0.00569	1400000	-0.0576
4	0.7211	0.00617	1400000	-0.057
4.5	0.7727	0.00669	1400000	-0.0564
5	0.8236	0.00731	1400000	-0.0558
5.5	0.8741	0.00798	1400000	-0.0551
6	0.9244	0.00868	1400000	-0.0544
6.5	0.9741	0.00942	1400000	-0.0536
7	1.0213	0.01045	1400000	-0.0525
7.5	1.0689	0.0114	1400000	-0.0515
8	1.1165	0.01231	1400000	-0.0504
8.5	1.1608	0.01362	1400000	-0.0487
9	1.2042	0.01495	1400000	-0.0469
9.5	1.2461	0.01631	1400000	-0.045
10	1.2847	0.01788	1400000	-0.0427
10.5	1.3197	0.01961	1400000	-0.04
11	1.3495	0.02157	1400000	-0.0368
11.5	1.3636	0.02411	1400000	-0.0313
12	1.3439	0.02881	1400000	-0.0227
12.5	1.3229	0.03449	1400000	-0.017
13	1.3203	0.03921	1400000	-0.0148
13.5	1.3062	0.04585	1400000	-0.0143
14	1.284	0.05509	1400000	-0.0167
14.5	1.2536	0.06727	1400000	-0.0224
15	1.215	0.08237	1400000	-0.0309
-5	-0.2602	0.00981	1500000	-0.0615
-4.5	-0.2064	0.00899	1500000	-0.0611
-4	-0.153	0.00812	1500000	-0.0604
-3.5	-0.0991	0.0071	1500000	-0.0597
-3	-0.044	0.00655	1500000	-0.0594
-2.5	0.0098	0.00597	1500000	-0.0591
-2	0.0645	0.00546	1500000	-0.059
-1.5	0.1178	0.00503	1500000	-0.0587
-1	0.1725	0.00465	1500000	-0.0585
-0.5	0.2257	0.00435	1500000	-0.0581
0	0.2786	0.00421	1500000	-0.0574
0.5	0.3296	0.00411	1500000	-0.0562
1	0.3793	0.00412	1500000	-0.0546
1.5	0.4512	0.00432	1500000	-0.0581
2	0.5132	0.0046	1500000	-0.0597
2.5	0.565	0.00491	1500000	-0.0589
3	0.6173	0.00523	1500000	-0.0583
3.5	0.6691	0.00567	1500000	-0.0576
4	0.721	0.00614	1500000	-0.0571
4.5	0.773	0.00661	1500000	-0.0565
5	0.8237	0.00725	1500000	-0.0559
5.5	0.8742	0.00793	1500000	-0.0552
6	0.925	0.00856	1500000	-0.0545
6.5	0.9745	0.00933	1500000	-0.0537
7	1.022	0.01034	1500000	-0.0527
7.5	1.0698	0.01127	1500000	-0.0516
8	1.1172	0.01222	1500000	-0.0505
8.5	1.1613	0.01356	1500000	-0.0488
9	1.2065	0.01464	1500000	-0.0473
9.5	1.2491	0.01594	1500000	-0.0455
10	1.2889	0.01741	1500000	-0.0434
10.5	1.3249	0.01908	1500000	-0.0409
11	1.3526	0.02127	1500000	-0.0373
11.5	1.3452	0.0254	1500000	-0.0288
12	1.3466	0.02859	1500000	-0.0229
12.5	1.3521	0.03177	1500000	-0.0189
13	1.349	0.0362	1500000	-0.0157
13.5	1.3355	0.04236	1500000	-0.0142
14	1.3137	0.05078	1500000	-0.0153
14.5	1.2853	0.06196	1500000	-0.0198
15	1.2502	0.07595	1500000	-0.0272
-5	-0.2615	0.00938	1600000	-0.0611
-4.5	-0.2077	0.00863	1600000	-0.0607
-4	-0.1542	0.00787	1600000	-0.0601
-3.5	-0.0995	0.00704	1600000	-0.0596
-3	-0.0445	0.00646	1600000	-0.0593
-2.5	0.0095	0.00593	1600000	-0.059
-2	0.0642	0.0054	1600000	-0.0589
-1.5	0.1179	0.00497	1600000	-0.0587
-1	0.1721	0.00465	1600000	-0.0584
-0.5	0.2258	0.00434	1600000	-0.058
0	0.2788	0.00418	1600000	-0.0574
0.5	0.3307	0.0041	1600000	-0.0565
1	0.3803	0.00409	1600000	-0.0549
1.5	0.4469	0.00425	1600000	-0.0572
2	0.5134	0.00454	1600000	-0.0597
2.5	0.5649	0.00487	1600000	-0.0589
3	0.6172	0.0052	1600000	-0.0583
3.5	0.6692	0.00562	1600000	-0.0577
4	0.7213	0.00606	1600000	-0.0571
4.5	0.7733	0.00653	1600000	-0.0566
5	0.8237	0.00722	1600000	-0.0559
5.5	0.8746	0.00784	1600000	-0.0553
6	0.9257	0.00845	1600000	-0.0546
6.5	0.9747	0.00929	1600000	-0.0538
7	1.0226	0.01025	1600000	-0.0528
7.5	1.0707	0.01115	1600000	-0.0518
8	1.1173	0.01224	1600000	-0.0504
8.5	1.1629	0.01334	1600000	-0.0491
9	1.2085	0.01439	1600000	-0.0477
9.5	1.2517	0.01562	1600000	-0.046
10	1.2922	0.01703	1600000	-0.0439
10.5	1.3275	0.0188	1600000	-0.0413
11	1.3461	0.02186	1600000	-0.0364
11.5	1.3536	0.02481	1600000	-0.0299
12	1.3671	0.02699	1600000	-0.025
12.5	1.3725	0.03004	1600000	-0.0204
13	1.3684	0.03424	1600000	-0.0165
13.5	1.357	0.03998	1600000	-0.0144
14	1.3362	0.04771	1600000	-0.0145
14.5	1.3087	0.05818	1600000	-0.0181
15	1.2745	0.07152	1600000	-0.0248
-5	-0.2613	0.00952	1700000	-0.061
-4.5	-0.2089	0.00832	1700000	-0.0604
-4	-0.155	0.00767	1700000	-0.0599
-3.5	-0.0997	0.00706	1700000	-0.0596
-3	-0.045	0.00639	1700000	-0.0591
-2.5	0.0094	0.00586	1700000	-0.0589
-2	0.0637	0.00535	1700000	-0.0588
-1.5	0.1181	0.00495	1700000	-0.0586
-1	0.1717	0.00464	1700000	-0.0583
-0.5	0.2258	0.00438	1700000	-0.058
0	0.2789	0.00419	1700000	-0.0574
0.5	0.3312	0.00409	1700000	-0.0566
1	0.3815	0.00407	1700000	-0.0552
1.5	0.4431	0.00419	1700000	-0.0563
2	0.5137	0.00447	1700000	-0.0598
2.5	0.5652	0.0048	1700000	-0.059
3	0.6173	0.00514	1700000	-0.0584
3.5	0.6695	0.00554	1700000	-0.0578
4	0.7215	0.006	1700000	-0.0572
4.5	0.7734	0.00649	1700000	-0.0567
5	0.8238	0.00717	1700000	-0.0559
5.5	0.8752	0.00774	1700000	-0.0554
6	0.9263	0.00835	1700000	-0.0548
6.5	0.9749	0.00924	1700000	-0.0539
7	1.023	0.01016	1700000	-0.0529
7.5	1.0716	0.01102	1700000	-0.0519
8	1.1187	0.01204	1700000	-0.0506
8.5	1.1645	0.01313	1700000	-0.0493
9	1.2103	0.01416	1700000	-0.048
9.5	1.254	0.01535	1700000	-0.0463
10	1.2944	0.01678	1700000	-0.0443
10.5	1.3269	0.01886	1700000	-0.0412
11	1.3441	0.02205	1700000	-0.0361
11.5	1.3695	0.02372	1700000	-0.0321
12	1.3825	0.02585	1700000	-0.0268
12.5	1.3877	0.02875	1700000	-0.0217
13	1.3853	0.03268	1700000	-0.0175
13.5	1.3745	0.03806	1700000	-0.0147
14	1.3549	0.04528	1700000	-0.0142
14.5	1.3288	0.05509	1700000	-0.0169
15	1.2961	0.06772	1700000	-0.0228
-5	-0.2611	0.00975	1800000	-0.061
-4.5	-0.21	0.00806	1800000	-0.06
-4	-0.1555	0.00749	1800000	-0.0597
-3.5	-0.1	0.00703	1800000	-0.0595
-3	-0.0455	0.00632	1800000	-0.059
-2.5	0.0093	0.00579	1800000	-0.0589
-2	0.0633	0.00531	1800000	-0.0586
-1.5	0.1181	0.00493	1800000	-0.0586
-1	0.1718	0.00461	1800000	-0.0583
-0.5	0.2255	0.00437	1800000	-0.0579
0	0.2789	0.00425	1800000	-0.0574
0.5	0.3316	0.00411	1800000	-0.0567
1	0.3826	0.00409	1800000	-0.0556
1.5	0.4384	0.00414	1800000	-0.0553
2	0.5137	0.00441	1800000	-0.0598
2.5	0.5653	0.00474	1800000	-0.0591
3	0.6176	0.00507	1800000	-0.0584
3.5	0.6698	0.00547	1800000	-0.0578
4	0.7215	0.00596	1800000	-0.0572
4.5	0.7731	0.00649	1800000	-0.0567
5	0.8242	0.0071	1800000	-0.056
5.5	0.8757	0.00766	1800000	-0.0555
6	0.9266	0.00828	1800000	-0.0549
6.5	0.9754	0.00915	1800000	-0.054
7	1.0235	0.01009	1800000	-0.053
7.5	1.0724	0.0109	1800000	-0.0521
8	1.12	0.01186	1800000	-0.0509
8.5	1.1658	0.01295	1800000	-0.0496
9	1.2119	0.01396	1800000	-0.0482
9.5	1.2557	0.01513	1800000	-0.0466
10	1.2953	0.01667	1800000	-0.0445
10.5	1.3199	0.01958	1800000	-0.0401
11	1.3537	0.02117	1800000	-0.0374
11.5	1.3816	0.0229	1800000	-0.0339
12	1.3952	0.02496	1800000	-0.0284
12.5	1.4012	0.0277	1800000	-0.023
13	1.3995	0.03139	1800000	-0.0184
13.5	1.3908	0.03635	1800000	-0.0152
14	1.3743	0.04293	1800000	-0.014
14.5	1.35	0.05194	1800000	-0.0157
15	1.3186	0.06383	1800000	-0.0208
-5	-0.2624	0.00933	1900000	-0.0607
-4.5	-0.2109	0.00787	1900000	-0.0598
-4	-0.1559	0.00732	1900000	-0.0596
-3.5	-0.1005	0.00687	1900000	-0.0594
-3	-0.046	0.00626	1900000	-0.0588
-2.5	0.0091	0.00573	1900000	-0.0588
-2	0.0629	0.0053	1900000	-0.0585
-1.5	0.1179	0.00488	1900000	-0.0585
-1	0.172	0.00461	1900000	-0.0583
-0.5	0.2256	0.00436	1900000	-0.0579
0	0.2788	0.00424	1900000	-0.0574
0.5	0.332	0.00416	1900000	-0.0569
1	0.3833	0.00411	1900000	-0.0558
1.5	0.4356	0.00412	1900000	-0.0548
2	0.5105	0.00437	1900000	-0.0591
2.5	0.5653	0.00471	1900000	-0.0591
3	0.6178	0.00501	1900000	-0.0585
3.5	0.6699	0.00542	1900000	-0.0579
4	0.7214	0.00594	1900000	-0.0573
4.5	0.7728	0.00649	1900000	-0.0567
5	0.8246	0.00702	1900000	-0.0561
5.5	0.876	0.00759	1900000	-0.0555
6	0.9269	0.00823	1900000	-0.0549
6.5	0.976	0.00907	1900000	-0.0541
7	1.024	0.01001	1900000	-0.0531
7.5	1.0733	0.01078	1900000	-0.0522
8	1.121	0.01172	1900000	-0.0511
8.5	1.167	0.01279	1900000	-0.0498
9	1.2133	0.01378	1900000	-0.0485
9.5	1.257	0.01498	1900000	-0.0468
10	1.2948	0.01674	1900000	-0.0444
10.5	1.3256	0.019	1900000	-0.041
11	1.3612	0.02048	1900000	-0.0384
11.5	1.3907	0.02223	1900000	-0.0352
12	1.4061	0.02423	1900000	-0.0298
12.5	1.413	0.0268	1900000	-0.0242
13	1.4134	0.03022	1900000	-0.0194
13.5	1.4068	0.03476	1900000	-0.0158
14	1.3922	0.04091	1900000	-0.014
14.5	1.3696	0.0492	1900000	-0.015
15	1.3402	0.06033	1900000	-0.0192
-5	-0.2636	0.00902	2000000	-0.0605
-4.5	-0.2114	0.00777	2000000	-0.0596
-4	-0.1563	0.00717	2000000	-0.0594
-3.5	-0.101	0.00675	2000000	-0.0592
-3	-0.0463	0.0062	2000000	-0.0588
-2.5	0.009	0.00569	2000000	-0.0588
-2	0.0629	0.00528	2000000	-0.0585
-1.5	0.1177	0.00485	2000000	-0.0584
-1	0.1719	0.00459	2000000	-0.0582
-0.5	0.2259	0.00436	2000000	-0.0579
0	0.2791	0.00422	2000000	-0.0575
0.5	0.3321	0.00415	2000000	-0.0569
1	0.3843	0.00414	2000000	-0.056
1.5	0.4347	0.00413	2000000	-0.0546
2	0.5073	0.00435	2000000	-0.0584
2.5	0.5652	0.00469	2000000	-0.0591
3	0.6178	0.00498	2000000	-0.0585
3.5	0.6698	0.0054	2000000	-0.0579
4	0.7213	0.00592	2000000	-0.0573
4.5	0.773	0.00644	2000000	-0.0567
5	0.8249	0.00696	2000000	-0.0562
5.5	0.8762	0.00754	2000000	-0.0556
6	0.927	0.00819	2000000	-0.055
6.5	0.9764	0.009	2000000	-0.0541
7	1.0247	0.00992	2000000	-0.0532
7.5	1.0741	0.01067	2000000	-0.0523
8	1.1218	0.0116	2000000	-0.0512
8.5	1.1681	0.01264	2000000	-0.0499
9	1.2144	0.01363	2000000	-0.0487
9.5	1.2577	0.0149	2000000	-0.0469
10	1.2917	0.0171	2000000	-0.0438
10.5	1.3311	0.01844	2000000	-0.0418
11	1.3672	0.01992	2000000	-0.0393
11.5	1.3977	0.02165	2000000	-0.0361
12	1.4158	0.02359	2000000	-0.0311
12.5	1.4242	0.026	2000000	-0.0254
13	1.4267	0.02915	2000000	-0.0205
13.5	1.4218	0.03331	2000000	-0.0165
14	1.4115	0.03883	2000000	-0.0143
14.5	1.3919	0.04624	2000000	-0.0142
15	1.3652	0.05639	2000000	-0.0174
-5	-0.2677	0.0081	2500000	-0.0595
-4.5	-0.2124	0.0075	2500000	-0.0593
-4	-0.1579	0.00675	2500000	-0.0589
-3.5	-0.1029	0.00637	2500000	-0.0586
-3	-0.0469	0.00593	2500000	-0.0586
-2.5	0.0075	0.00558	2500000	-0.0583
-2	0.0624	0.0051	2500000	-0.0583
-1.5	0.117	0.00481	2500000	-0.0581
-1	0.1713	0.0046	2500000	-0.058
-0.5	0.2255	0.00445	2500000	-0.0578
0	0.2794	0.00428	2500000	-0.0575
0.5	0.3338	0.00423	2500000	-0.0573
1	0.3874	0.00413	2500000	-0.0568
1.5	0.4389	0.00415	2500000	-0.0558
2	0.4923	0.00423	2500000	-0.0552
2.5	0.5656	0.00454	2500000	-0.0593
3	0.6176	0.00489	2500000	-0.0586
3.5	0.6698	0.00528	2500000	-0.058
4	0.7223	0.00569	2500000	-0.0575
4.5	0.773	0.00633	2500000	-0.0568
5	0.8251	0.00683	2500000	-0.0563
5.5	0.877	0.00736	2500000	-0.0558
6	0.9284	0.00793	2500000	-0.0553
6.5	0.9774	0.0088	2500000	-0.0544
7	1.0272	0.00954	2500000	-0.0536
7.5	1.0775	0.01019	2500000	-0.0529
8	1.1241	0.01127	2500000	-0.0517
8.5	1.1723	0.0121	2500000	-0.0506
9	1.2172	0.01332	2500000	-0.049
9.5	1.2623	0.01438	2500000	-0.0476
10	1.3063	0.01544	2500000	-0.0461
10.5	1.348	0.01666	2500000	-0.0443
11	1.3865	0.01803	2500000	-0.0421
11.5	1.4215	0.01955	2500000	-0.0395
12	1.4521	0.02118	2500000	-0.0364
12.5	1.4715	0.0229	2500000	-0.0315
13	1.4832	0.025	2500000	-0.0262
13.5	1.4879	0.02784	2500000	-0.0212
14	1.4835	0.03179	2500000	-0.0169
14.5	1.4708	0.03729	2500000	-0.0142
15	1.4482	0.0448	2500000	-0.0139
-5	-0.2694	0.00751	3000000	-0.059
-4.5	-0.2142	0.00699	3000000	-0.0589
-4	-0.1593	0.00664	3000000	-0.0586
-3.5	-0.1034	0.0061	3000000	-0.0585
-3	-0.048	0.00578	3000000	-0.0583
-2.5	0.0073	0.00545	3000000	-0.0582
-2	0.0616	0.00508	3000000	-0.058
-1.5	0.1162	0.00485	3000000	-0.0579
-1	0.1709	0.00456	3000000	-0.0578
-0.5	0.2257	0.00449	3000000	-0.0577
0	0.2801	0.00428	3000000	-0.0576
0.5	0.3346	0.00427	3000000	-0.0574
1	0.3883	0.00424	3000000	-0.0571
1.5	0.4409	0.00424	3000000	-0.0564
2	0.4921	0.00428	3000000	-0.0554
2.5	0.5558	0.00443	3000000	-0.0571
3	0.6173	0.00482	3000000	-0.0587
3.5	0.6693	0.00525	3000000	-0.0581
4	0.7219	0.00564	3000000	-0.0576
4.5	0.7739	0.00614	3000000	-0.057
5	0.8262	0.00662	3000000	-0.0566
5.5	0.8783	0.00712	3000000	-0.0561
6	0.9288	0.00783	3000000	-0.0554
6.5	0.9791	0.00854	3000000	-0.0547
7	1.0287	0.00931	3000000	-0.0539
7.5	1.0799	0.00986	3000000	-0.0533
8	1.1273	0.01085	3000000	-0.0522
8.5	1.1744	0.01186	3000000	-0.0509
9	1.2225	0.01264	3000000	-0.0499
9.5	1.2693	0.01352	3000000	-0.0488
10	1.3144	0.01451	3000000	-0.0474
10.5	1.3574	0.01563	3000000	-0.0458
11	1.3982	0.01685	3000000	-0.0439
11.5	1.4366	0.01814	3000000	-0.0417
12	1.4717	0.01954	3000000	-0.0391
12.5	1.4978	0.02135	3000000	-0.0353
13	1.4909	0.02446	3000000	-0.027
13.5	1.4681	0.02924	3000000	-0.0194
14	1.4413	0.03545	3000000	-0.0147
14.5	1.412	0.04335	3000000	-0.0136
15	1.3813	0.05355	3000000	-0.0162
-5	-0.2707	0.0071	3500000	-0.0587
-4.5	-0.2158	0.00669	3500000	-0.0585
-4	-0.16	0.00632	3500000	-0.0584
-3.5	-0.1041	0.00594	3500000	-0.0583
-3	-0.0489	0.00565	3500000	-0.0581
-2.5	0.0062	0.00538	3500000	-0.058
-2	0.0613	0.00499	3500000	-0.0579
-1.5	0.116	0.00479	3500000	-0.0578
-1	0.1706	0.00457	3500000	-0.0577
-0.5	0.2255	0.00453	3500000	-0.0576
0	0.2799	0.00436	3500000	-0.0575
0.5	0.3349	0.0043	3500000	-0.0575
1	0.3892	0.00424	3500000	-0.0573
1.5	0.4429	0.00424	3500000	-0.0569
2	0.4954	0.00433	3500000	-0.0562
2.5	0.5455	0.00441	3500000	-0.0549
3	0.6176	0.00474	3500000	-0.0588
3.5	0.6698	0.00512	3500000	-0.0582
4	0.7222	0.00554	3500000	-0.0577
4.5	0.7742	0.00605	3500000	-0.0572
5	0.8264	0.00654	3500000	-0.0567
5.5	0.8787	0.00703	3500000	-0.0562
6	0.9298	0.00766	3500000	-0.0556
6.5	0.9796	0.00844	3500000	-0.0548
7	1.0303	0.00908	3500000	-0.0542
7.5	1.0816	0.00963	3500000	-0.0536
8	1.1296	0.01055	3500000	-0.0525
8.5	1.1779	0.0114	3500000	-0.0515
9	1.2266	0.01212	3500000	-0.0506
9.5	1.274	0.01295	3500000	-0.0495
10	1.3199	0.01388	3500000	-0.0482
10.5	1.3641	0.01489	3500000	-0.0468
11	1.4065	0.01598	3500000	-0.0451
11.5	1.4465	0.01719	3500000	-0.0432
12	1.4795	0.01887	3500000	-0.0402
12.5	1.4544	0.02394	3500000	-0.029
13	1.4655	0.02607	3500000	-0.0239
13.5	1.472	0.02888	3500000	-0.0195
14	1.4703	0.03268	3500000	-0.0159
14.5	1.4639	0.03771	3500000	-0.0137
15	1.4455	0.04477	3500000	-0.0134
-5	-0.2719	0.00683	4000000	-0.0584
-4.5	-0.2167	0.00647	4000000	-0.0583
-4	-0.1606	0.0061	4000000	-0.0583
-3.5	-0.105	0.00588	4000000	-0.0581
-3	-0.0494	0.00552	4000000	-0.058
-2.5	0.0058	0.00529	4000000	-0.0579
-2	0.0605	0.00503	4000000	-0.0578
-1.5	0.1154	0.00485	4000000	-0.0577
-1	0.1704	0.00461	4000000	-0.0576
-0.5	0.2256	0.0045	4000000	-0.0576
0	0.2804	0.00438	4000000	-0.0576
0.5	0.3348	0.00433	4000000	-0.0575
1	0.3891	0.00433	4000000	-0.0573
1.5	0.4436	0.00432	4000000	-0.0571
2	0.4972	0.00438	4000000	-0.0567
2.5	0.5486	0.00438	4000000	-0.0557
3	0.6114	0.00465	4000000	-0.0574
3.5	0.6701	0.00504	4000000	-0.0583
4	0.7215	0.00557	4000000	-0.0576
4.5	0.7743	0.00599	4000000	-0.0572
5	0.8268	0.00644	4000000	-0.0568
5.5	0.8793	0.00691	4000000	-0.0563
6	0.9302	0.00756	4000000	-0.0557
6.5	0.9806	0.00828	4000000	-0.055
7	1.0319	0.00885	4000000	-0.0544
7.5	1.0827	0.00947	4000000	-0.0538
8	1.1311	0.01035	4000000	-0.0528
8.5	1.1807	0.01104	4000000	-0.0519
9	1.2297	0.01174	4000000	-0.0511
9.5	1.2776	0.01252	4000000	-0.0501
10	1.3241	0.01338	4000000	-0.0489
10.5	1.3691	0.01433	4000000	-0.0476
11	1.4123	0.01538	4000000	-0.046
11.5	1.4517	0.01669	4000000	-0.0439
12.5	1.5011	0.02119	4000000	-0.0357
13	1.5188	0.02274	4000000	-0.0305
13.5	1.5308	0.02472	4000000	-0.0253
14	1.538	0.02732	4000000	-0.0207
14.5	1.539	0.03073	4000000	-0.0167
15	1.5328	0.0354	4000000	-0.0139
