HT14			rows = 658
-5	-0.4751	0.0635	13000	0.0542
-3	-0.2266	0.03384	13000	0.0008
-2	-0.1803	0.02967	13000	-0.0021
-1	-0.094	0.02875	13000	-0.0013
0	0.0001	0.02852	13000	0
1	0.0943	0.02875	13000	0.0013
2	0.1805	0.02967	13000	0.0021
3	0.2268	0.03385	13000	-0.0008
4	0.2531	0.0428	13000	-0.0117
5	0.4754	0.06352	13000	-0.0542
6	0.5317	0.07867	13000	-0.0612
7	0.531	0.0915	13000	-0.0647
8	0.4036	0.08913	13000	-0.0429
9	0.4406	0.10291	13000	-0.049
10	0.4771	0.11728	13000	-0.055
11	0.5138	0.13207	13000	-0.061
12	0.5509	0.14712	13000	-0.0672
13	0.6387	0.17211	13000	-0.0855
14	0.7167	0.19545	13000	-0.0952
15	0.7648	0.21282	13000	-0.0984
-5	-0.5891	0.04755	25000	0.0138
-4	-0.4974	0.03599	25000	0.013
-3	-0.4117	0.02849	25000	0.0222
-2	-0.1812	0.02125	25000	-0.0022
-1	-0.0962	0.02024	25000	-0.0015
0	0.0001	0.02004	25000	0
1	0.0964	0.02024	25000	0.0015
2	0.1814	0.02125	25000	0.0022
3	0.4119	0.0285	25000	-0.0222
4	0.4976	0.03601	25000	-0.013
5	0.5893	0.04757	25000	-0.0138
6	0.6525	0.0662	25000	-0.0255
8	0.521	0.09896	25000	-0.0719
9	0.6077	0.11995	25000	-0.0748
10	0.6511	0.13677	25000	-0.0723
11	0.6872	0.15337	25000	-0.0711
12	0.7242	0.17157	25000	-0.0714
13	0.7361	0.18288	25000	-0.073
14	0.7641	0.1976	25000	-0.0759
15	0.7917	0.2118	25000	-0.0801
-5	-0.5611	0.02962	50000	-0.006
-4	-0.457	0.02373	50000	-0.004
-3	-0.3543	0.01928	50000	-0.0005
-2	-0.2705	0.01553	50000	0.0125
-1	-0.0978	0.01431	50000	-0.0017
0	0.0001	0.01414	50000	0
1	0.098	0.01431	50000	0.0017
2	0.2709	0.01554	50000	-0.0125
3	0.3545	0.01929	50000	0.0005
4	0.4573	0.02374	50000	0.004
5	0.5613	0.02963	50000	0.006
6	0.6583	0.03917	50000	0.0067
7	0.7267	0.05814	50000	0.0016
8	0.6711	0.10147	50000	-0.0497
9	0.7039	0.11832	50000	-0.0484
10	0.7087	0.1329	50000	-0.0511
11	0.7475	0.15221	50000	-0.0507
12	0.7347	0.16332	50000	-0.0581
13	0.747	0.17697	50000	-0.0636
14	0.7689	0.19142	50000	-0.0689
15	0.8027	0.20893	50000	-0.0731
-5	-0.5544	0.02344	75000	-0.0069
-4	-0.4485	0.01922	75000	-0.0052
-3	-0.3438	0.01589	75000	-0.0029
-2	-0.252	0.01278	75000	0.004
-1	-0.0987	0.01171	75000	-0.0018
0	0.0001	0.01156	75000	0
1	0.0989	0.01171	75000	0.0018
2	0.2522	0.01278	75000	-0.0039
3	0.3441	0.01589	75000	0.0029
4	0.4488	0.01923	75000	0.0052
5	0.5546	0.02345	75000	0.0069
6	0.657	0.02986	75000	0.0084
7	0.7443	0.04158	75000	0.0088
8	0.7819	0.06555	75000	0.0016
9	0.7079	0.11047	75000	-0.0408
10	0.7153	0.12592	75000	-0.0454
11	0.7247	0.14204	75000	-0.0504
12	0.7368	0.15764	75000	-0.0556
13	0.7491	0.17307	75000	-0.0622
14	0.7738	0.18876	75000	-0.0671
15	0.8296	0.21288	75000	-0.0667
-5	-0.5516	0.02018	100000	-0.0065
-4	-0.4455	0.01677	100000	-0.0051
-3	-0.34	0.014	100000	-0.0034
-2	-0.2423	0.0114	100000	0.0008
-1	-0.0992	0.01017	100000	-0.0019
0	0.0001	0.01003	100000	0
1	0.0994	0.01017	100000	0.0019
2	0.2425	0.01141	100000	-0.0008
3	0.3403	0.01401	100000	0.0034
4	0.4457	0.01678	100000	0.0051
5	0.5518	0.0202	100000	0.0065
6	0.6565	0.02465	100000	0.008
7	0.7535	0.03207	100000	0.0095
8	0.8174	0.04877	100000	0.0088
9	0.802	0.07966	100000	-0.0057
10	0.7596	0.12292	100000	-0.0324
11	0.7353	0.1385	100000	-0.0475
12	0.7362	0.15523	100000	-0.0558
13	0.7557	0.17127	100000	-0.0606
14	0.7922	0.18814	100000	-0.0629
15	0.7974	0.20085	100000	-0.0747
-5	-0.5514	0.01637	150000	-0.0057
-4	-0.4443	0.01401	150000	-0.0045
-3	-0.3374	0.01188	150000	-0.0033
-2	-0.2337	0.00994	150000	-0.0013
-1	-0.1227	0.00836	150000	0.0025
0	0.0001	0.00821	150000	0
1	0.1233	0.00836	150000	-0.0026
2	0.2339	0.00995	150000	0.0013
3	0.3377	0.01189	150000	0.0033
4	0.4445	0.01401	150000	0.0045
5	0.5516	0.01638	150000	0.0057
6	0.6571	0.01966	150000	0.007
7	0.7596	0.02371	150000	0.0085
8	0.8539	0.03008	150000	0.0101
10	0.7893	0.0991	150000	-0.0248
11	0.7571	0.1336	150000	-0.0407
12	0.7513	0.15071	150000	-0.053
13	0.7581	0.1681	150000	-0.0612
14	0.8006	0.18521	150000	-0.0604
15	0.802	0.19841	150000	-0.0745
-5	-0.5525	0.01433	200000	-0.005
-4	-0.4447	0.01241	200000	-0.004
-3	-0.3366	0.0107	200000	-0.003
-2	-0.23	0.0091	200000	-0.0018
-1	-0.1357	0.0074	200000	0.0037
0	0.0001	0.00714	200000	0
1	0.1359	0.0074	200000	-0.0036
2	0.2303	0.0091	200000	0.0018
3	0.3368	0.0107	200000	0.003
4	0.4449	0.01242	200000	0.004
5	0.5528	0.01433	200000	0.005
6	0.6588	0.01691	200000	0.0061
7	0.763	0.01983	200000	0.0074
8	0.8615	0.0244	200000	0.009
9	0.9451	0.03269	200000	0.0108
10	0.9313	0.05787	200000	0.0052
11	0.7455	0.13121	200000	-0.047
12	0.7702	0.14725	200000	-0.047
13	0.7689	0.16465	200000	-0.0594
14	0.7803	0.18197	200000	-0.0682
15	0.8229	0.19774	200000	-0.0677
-5	-0.5536	0.0131	250000	-0.0045
-4	-0.4451	0.01142	250000	-0.0036
-3	-0.3362	0.00991	250000	-0.0028
-2	-0.2282	0.00852	250000	-0.0019
-1	-0.1264	0.00701	250000	0.001
0	0.0001	0.0064	250000	0
1	0.1266	0.00701	250000	-0.001
2	0.2285	0.00852	250000	0.0019
3	0.3365	0.00991	250000	0.0028
5	0.5538	0.0131	250000	0.0045
6	0.6613	0.015	250000	0.0055
7	0.7659	0.0177	250000	0.0067
8	0.8661	0.02138	250000	0.0081
9	0.9565	0.02754	250000	0.0099
10	1.0283	0.03641	250000	0.0116
11	0.7986	0.11305	250000	-0.0376
12	0.7657	0.14542	250000	-0.0501
13	0.7799	0.16149	250000	-0.0572
14	0.7831	0.18084	250000	-0.0684
15	0.8199	0.19469	250000	-0.0696
-5	-0.555	0.01206	300000	-0.0041
-4	-0.4456	0.01068	300000	-0.0033
-3	-0.3361	0.00934	300000	-0.0026
-2	-0.2272	0.00809	300000	-0.0019
-1	-0.1216	0.00678	300000	-0.0001
0	0.0001	0.00586	300000	0
1	0.1219	0.00679	300000	0.0001
2	0.2274	0.00809	300000	0.0019
3	0.3364	0.00935	300000	0.0026
4	0.4459	0.01068	300000	0.0033
5	0.5552	0.01207	300000	0.0041
6	0.6631	0.01388	300000	0.005
7	0.7688	0.01609	300000	0.0061
8	0.8697	0.01944	300000	0.0074
9	0.9642	0.02417	300000	0.0091
10	1.0445	0.03116	300000	0.011
11	0.8115	0.10935	300000	-0.0379
12	0.5703	0.12301	300000	-0.0255
13	0.5503	0.13444	300000	-0.0304
14	0.5474	0.14714	300000	-0.0359
15	0.5785	0.15831	300000	-0.0365
-5	-0.5555	0.01151	350000	-0.0039
-4	-0.4461	0.01012	350000	-0.0032
-3	-0.336	0.00892	350000	-0.0025
-2	-0.2265	0.00776	350000	-0.0018
-1	-0.1191	0.00659	350000	-0.0005
0	0.0003	0.00547	350000	-0
1	0.1194	0.0066	350000	0.0005
2	0.2267	0.00776	350000	0.0018
3	0.3362	0.00893	350000	0.0025
4	0.4464	0.01012	350000	0.0032
5	0.5558	0.01151	350000	0.0039
6	0.6648	0.01291	350000	0.0047
7	0.7709	0.0151	350000	0.0057
8	0.8738	0.01782	350000	0.0068
9	0.9683	0.02249	350000	0.0086
10	1.0526	0.02849	350000	0.0104
11	1.11	0.03785	350000	0.012
12	1.0819	0.05678	350000	0.0023
14	0.5689	0.14489	350000	-0.0323
15	0.5612	0.15773	350000	-0.0402
-5	-0.5565	0.01087	400000	-0.0037
-4	-0.4465	0.00966	400000	-0.003
-3	-0.336	0.00856	400000	-0.0024
-2	-0.226	0.00748	400000	-0.0018
-1	-0.1176	0.00642	400000	-0.0007
0	0.0002	0.00518	400000	-0
1	0.1179	0.00642	400000	0.0007
2	0.2262	0.00748	400000	0.0018
3	0.3362	0.00857	400000	0.0024
4	0.4467	0.00967	400000	0.003
5	0.5568	0.01087	400000	0.0037
6	0.6656	0.01241	400000	0.0044
7	0.773	0.01417	400000	0.0053
8	0.8756	0.01702	400000	0.0064
9	0.9736	0.02062	400000	0.0079
10	1.0618	0.02573	400000	0.0097
11	1.1236	0.03476	400000	0.0117
12	1.1043	0.05214	400000	0.0058
13	0.9787	0.10015	400000	-0.033
14	0.5543	0.14521	400000	-0.0355
15	0.8168	0.19205	400000	-0.0733
-5	-0.5572	0.0104	450000	-0.0035
-3	-0.3359	0.00829	450000	-0.0023
-2	-0.2256	0.00726	450000	-0.0017
-1	-0.1166	0.00626	450000	-0.0008
0	0.0001	0.00505	450000	0
1	0.1169	0.00626	450000	0.0008
2	0.2259	0.00726	450000	0.0017
3	0.3362	0.00829	450000	0.0023
4	0.4469	0.00937	450000	0.0029
5	0.5575	0.0104	450000	0.0035
6	0.6668	0.01179	450000	0.0042
7	0.774	0.01364	450000	0.0051
8	0.8784	0.01605	450000	0.0061
9	0.9759	0.01975	450000	0.0075
10	1.065	0.02464	450000	0.0093
11	1.1384	0.03153	450000	0.0113
12	1.1737	0.04157	450000	0.0121
13	0.9544	0.10752	450000	-0.0384
14	0.5699	0.14282	450000	-0.0327
15	0.5638	0.15678	450000	-0.0403
-5	-0.5577	0.01005	500000	-0.0034
-4	-0.447	0.00902	500000	-0.0028
-3	-0.336	0.00803	500000	-0.0022
-2	-0.2253	0.00706	500000	-0.0016
-1	-0.1159	0.00612	500000	-0.0008
0	0.0001	0.00512	500000	0
1	0.1162	0.00612	500000	0.0008
2	0.2256	0.00706	500000	0.0016
3	0.3362	0.00804	500000	0.0022
4	0.4472	0.00902	500000	0.0028
5	0.558	0.01006	500000	0.0034
6	0.6677	0.01131	500000	0.0041
7	0.7753	0.01308	500000	0.0049
8	0.8805	0.01529	500000	0.0059
9	0.98	0.01856	500000	0.0072
10	1.0712	0.02306	500000	0.0089
11	1.1501	0.02881	500000	0.0107
13	1.1156	0.07051	500000	-0.0138
15	0.5785	0.15435	500000	-0.0375
-5	-0.558	0.00982	550000	-0.0033
-4	-0.4472	0.00875	550000	-0.0027
-3	-0.3359	0.00784	550000	-0.0021
-2	-0.2251	0.00688	550000	-0.0016
-1	-0.1153	0.00599	550000	-0.0008
0	0.0001	0.00528	550000	0
1	0.1156	0.00599	550000	0.0008
2	0.2254	0.00689	550000	0.0016
3	0.3362	0.00785	550000	0.0021
4	0.4475	0.00875	550000	0.0027
5	0.5582	0.00983	550000	0.0033
6	0.6684	0.01095	550000	0.0039
7	0.7765	0.01258	550000	0.0047
8	0.8817	0.0148	550000	0.0056
9	0.9831	0.01762	550000	0.0068
10	1.0763	0.02172	550000	0.0084
11	1.1531	0.0281	550000	0.0104
12	1.202	0.03706	550000	0.012
13	1.1516	0.0637	550000	-0.0094
14	0.9262	0.13218	550000	-0.0511
15	0.5635	0.15675	550000	-0.0408
-5	-0.5584	0.00952	600000	-0.0032
-4	-0.4474	0.00853	600000	-0.0026
-3	-0.336	0.00765	600000	-0.0021
-2	-0.2249	0.00675	600000	-0.0016
-1	-0.1149	0.00588	600000	-0.0008
0	0.0001	0.00544	600000	0
1	0.1152	0.00588	600000	0.0008
2	0.2252	0.00675	600000	0.0016
3	0.3362	0.00765	600000	0.0021
4	0.4477	0.00853	600000	0.0026
5	0.5587	0.00952	600000	0.0032
6	0.6688	0.01069	600000	0.0038
7	0.7774	0.01219	600000	0.0046
8	0.8828	0.01441	600000	0.0055
9	0.9848	0.01705	600000	0.0066
10	1.0801	0.02071	600000	0.0081
11	1.1609	0.02648	600000	0.0101
12	1.2225	0.03369	600000	0.0118
13	1.2149	0.0485	600000	0.0055
14	1.0257	0.10844	600000	-0.0386
-5	-0.5588	0.00926	650000	-0.0031
-4	-0.4475	0.00836	650000	-0.0026
-3	-0.336	0.00748	650000	-0.002
-2	-0.2248	0.00661	650000	-0.0015
-1	-0.1145	0.00578	650000	-0.0008
0	0.0001	0.00559	650000	-0
1	0.1148	0.00578	650000	0.0008
2	0.225	0.00661	650000	0.0015
3	0.3362	0.00748	650000	0.002
4	0.4478	0.00836	650000	0.0026
5	0.5591	0.00926	650000	0.0031
6	0.6693	0.01045	650000	0.0037
7	0.778	0.0119	650000	0.0044
8	0.8841	0.01392	650000	0.0053
9	0.986	0.01665	650000	0.0064
10	1.0806	0.02052	650000	0.0079
11	1.1676	0.02505	650000	0.0097
12	1.2314	0.03206	650000	0.0115
13	1.2081	0.04983	650000	0.0036
14	1.1293	0.08607	650000	-0.025
-5	-0.5592	0.00905	700000	-0.0031
-4	-0.4476	0.0082	700000	-0.0025
-3	-0.336	0.00735	700000	-0.002
-2	-0.2246	0.0065	700000	-0.0015
-1	-0.1114	0.00569	700000	-0.0014
0	0.0001	0.00571	700000	-0
2	0.2249	0.0065	700000	0.0015
3	0.3362	0.00735	700000	0.002
4	0.4479	0.0082	700000	0.0025
5	0.5594	0.00905	700000	0.0031
6	0.6698	0.01019	700000	0.0036
7	0.7784	0.0117	700000	0.0043
8	0.8852	0.01351	700000	0.0052
9	0.988	0.01607	700000	0.0063
10	1.0842	0.01964	700000	0.0077
11	1.1733	0.0238	700000	0.0093
12	1.2327	0.03181	700000	0.0114
13	1.2381	0.04419	700000	0.0092
14	1.1302	0.08649	700000	-0.0257
15	1.0099	0.12921	700000	-0.0492
-5	-0.5594	0.00887	750000	-0.003
-4	-0.4478	0.00802	750000	-0.0025
-3	-0.336	0.00723	750000	-0.002
-2	-0.2245	0.00639	750000	-0.0015
-1	-0.1054	0.0056	750000	-0.0027
0	0.0001	0.0058	750000	-0
1	0.1058	0.0056	750000	0.0027
2	0.2248	0.00639	750000	0.0015
3	0.3362	0.00723	750000	0.002
4	0.4481	0.00802	750000	0.0025
5	0.5597	0.00887	750000	0.003
6	0.6702	0.00997	750000	0.0036
7	0.7791	0.01141	750000	0.0042
8	0.8862	0.01317	750000	0.0051
9	0.9896	0.01558	750000	0.0061
10	1.087	0.01893	750000	0.0075
11	1.1758	0.0232	750000	0.0091
12	1.2434	0.03008	750000	0.0111
13	1.2657	0.04043	750000	0.0117
14	1.1573	0.08201	750000	-0.0233
15	0.9967	0.13259	750000	-0.0512
-5	-0.5596	0.00871	800000	-0.0029
-4	-0.448	0.00787	800000	-0.0024
-3	-0.336	0.00709	800000	-0.0019
-2	-0.2244	0.0063	800000	-0.0014
-1	-0.1007	0.00553	800000	-0.0036
0	0.0001	0.00587	800000	-0
1	0.101	0.00554	800000	0.0036
2	0.2246	0.00631	800000	0.0014
3	0.3363	0.0071	800000	0.0019
4	0.4483	0.00787	800000	0.0024
5	0.5599	0.00872	800000	0.0029
6	0.6706	0.00978	800000	0.0035
7	0.7797	0.01117	800000	0.0041
8	0.8869	0.0129	800000	0.005
9	0.991	0.01516	800000	0.006
10	1.0894	0.01831	800000	0.0073
11	1.1756	0.02321	800000	0.009
12	1.2517	0.02867	800000	0.0109
13	1.2912	0.03751	800000	0.0119
14	1.194	0.07538	800000	-0.0192
15	1.028	0.1256	800000	-0.0475
-5	-0.5598	0.00858	850000	-0.0029
-4	-0.4481	0.00774	850000	-0.0024
-3	-0.3361	0.00698	850000	-0.0019
-2	-0.2243	0.00621	850000	-0.0014
-1	-0.1	0.0055	850000	-0.0036
0	0.0001	0.00593	850000	-0
1	0.1002	0.0055	850000	0.0036
2	0.2245	0.00621	850000	0.0014
3	0.3363	0.00698	850000	0.0019
4	0.4484	0.00774	850000	0.0024
5	0.5601	0.00859	850000	0.0029
6	0.6709	0.00962	850000	0.0034
7	0.7802	0.01096	850000	0.0041
8	0.8873	0.01272	850000	0.0049
9	0.9921	0.01481	850000	0.0059
10	1.0915	0.01776	850000	0.0071
11	1.1802	0.02226	850000	0.0088
12	1.259	0.0274	850000	0.0106
13	1.3098	0.035	850000	0.0121
14	1.2434	0.06617	850000	-0.0132
15	1.0661	0.11719	850000	-0.043
-5	-0.56	0.00847	900000	-0.0028
-4	-0.4483	0.00762	900000	-0.0023
-3	-0.3361	0.00688	900000	-0.0019
-2	-0.2242	0.00613	900000	-0.0014
-1	-0.1022	0.00551	900000	-0.0029
0	0.0001	0.00597	900000	-0
1	0.1024	0.00551	900000	0.0029
2	0.2245	0.00613	900000	0.0014
3	0.3364	0.00689	900000	0.0019
4	0.4485	0.00763	900000	0.0023
5	0.5603	0.00848	900000	0.0028
6	0.6712	0.00948	900000	0.0034
7	0.7807	0.01077	900000	0.004
8	0.888	0.0125	900000	0.0048
9	0.9928	0.01456	900000	0.0057
10	1.0931	0.01733	900000	0.007
11	1.1838	0.0215	900000	0.0086
12	1.2655	0.02624	900000	0.0103
13	1.3161	0.03408	900000	0.012
14	1.2623	0.06238	900000	-0.0107
15	1.1104	0.10812	900000	-0.0379
-5	-0.5602	0.00835	950000	-0.0028
-4	-0.4484	0.00752	950000	-0.0023
-3	-0.3361	0.0068	950000	-0.0018
-2	-0.2241	0.00607	950000	-0.0014
-1	-0.1046	0.00553	950000	-0.0022
0	0.0001	0.00599	950000	-0
1	0.1048	0.00553	950000	0.0022
2	0.2244	0.00607	950000	0.0014
3	0.3364	0.0068	950000	0.0018
4	0.4486	0.00753	950000	0.0023
5	0.5605	0.00835	950000	0.0028
6	0.6714	0.00937	950000	0.0033
7	0.781	0.01061	950000	0.0039
8	0.8886	0.01225	950000	0.0047
9	0.993	0.01451	950000	0.0057
10	1.0938	0.01711	950000	0.0069
11	1.1868	0.02084	950000	0.0084
12	1.2708	0.02527	950000	0.0101
13	1.3024	0.03582	950000	0.0118
14	1.239	0.06684	950000	-0.0141
15	1.1415	0.10197	950000	-0.0345
-5	-0.5604	0.00822	1000000	-0.0027
-4	-0.4484	0.00743	1000000	-0.0023
-3	-0.3361	0.00672	1000000	-0.0018
-2	-0.224	0.00599	1000000	-0.0014
-1	-0.1065	0.00557	1000000	-0.0016
0	0.0001	0.006	1000000	-0
1	0.1068	0.00557	1000000	0.0016
2	0.2243	0.00599	1000000	0.0014
3	0.3364	0.00672	1000000	0.0018
4	0.4487	0.00743	1000000	0.0023
5	0.5607	0.00822	1000000	0.0027
6	0.6716	0.00926	1000000	0.0032
7	0.7814	0.01047	1000000	0.0039
8	0.8892	0.01204	1000000	0.0046
9	0.994	0.01419	1000000	0.0056
10	1.0936	0.01715	1000000	0.0068
12	1.2738	0.02469	1000000	0.0099
13	1.319	0.03365	1000000	0.0119
14	1.2662	0.06201	1000000	-0.0108
15	1.1305	0.10394	1000000	-0.0358
-5	-0.5608	0.00801	1100000	-0.0027
-4	-0.4486	0.00727	1100000	-0.0022
-3	-0.3362	0.00656	1100000	-0.0018
-2	-0.2239	0.00586	1100000	-0.0013
-1	-0.109	0.00565	1100000	-0.0009
0	0.0001	0.00603	1100000	-0
1	0.1092	0.00564	1100000	0.0009
2	0.2242	0.00587	1100000	0.0013
3	0.3365	0.00656	1100000	0.0018
4	0.4489	0.00727	1100000	0.0022
5	0.5611	0.00801	1100000	0.0027
6	0.6722	0.00901	1100000	0.0032
7	0.7819	0.01025	1100000	0.0038
8	0.8903	0.01168	1100000	0.0045
9	0.9957	0.01367	1100000	0.0054
10	1.0968	0.01632	1100000	0.0066
11	1.1939	0.01923	1100000	0.008
12	1.2728	0.02483	1100000	0.0099
13	1.3395	0.0308	1100000	0.0117
14	1.3294	0.04687	1100000	0.0035
15	1.152	0.10043	1100000	-0.0339
-5	-0.5611	0.00783	1200000	-0.0026
-4	-0.4488	0.0071	1200000	-0.0022
-3	-0.3363	0.00642	1200000	-0.0017
-2	-0.2238	0.00576	1200000	-0.0013
-1	-0.1104	0.0057	1200000	-0.0005
0	0.0001	0.00603	1200000	-0
1	0.1107	0.0057	1200000	0.0005
2	0.2241	0.00576	1200000	0.0013
3	0.3365	0.00642	1200000	0.0017
4	0.4491	0.0071	1200000	0.0021
5	0.5614	0.00783	1200000	0.0026
6	0.6726	0.00881	1200000	0.0031
7	0.7826	0.01001	1200000	0.0037
8	0.8911	0.0114	1200000	0.0044
9	0.997	0.01325	1200000	0.0053
10	1.0991	0.0157	1200000	0.0064
11	1.1968	0.01855	1200000	0.0077
13	1.3535	0.02873	1200000	0.0114
14	1.3787	0.03814	1200000	0.0127
15	1.1905	0.09374	1200000	-0.0299
-5	-0.5614	0.00768	1300000	-0.0025
-4	-0.449	0.00695	1300000	-0.0021
-3	-0.3363	0.00631	1300000	-0.0017
-2	-0.2238	0.00565	1300000	-0.0013
-1	-0.1113	0.00575	1300000	-0.0003
0	0.0001	0.00603	1300000	-0
1	0.1115	0.00575	1300000	0.0003
2	0.224	0.00566	1300000	0.0013
3	0.3366	0.00631	1300000	0.0017
4	0.4493	0.00695	1300000	0.0021
5	0.5616	0.00768	1300000	0.0025
6	0.673	0.00864	1300000	0.003
7	0.7831	0.00979	1300000	0.0036
8	0.8917	0.01117	1300000	0.0043
9	0.9981	0.01291	1300000	0.0051
10	1.101	0.01519	1300000	0.0062
11	1.1965	0.01862	1300000	0.0077
12	1.2874	0.0221	1300000	0.0092
13	1.3646	0.02699	1300000	0.0111
14	1.4105	0.03464	1300000	0.0128
15	1.2411	0.0849	1300000	-0.0245
-5	-0.5616	0.00756	1400000	-0.0025
-4	-0.4492	0.00682	1400000	-0.0021
-3	-0.3363	0.00621	1400000	-0.0017
-2	-0.2232	0.00557	1400000	-0.0014
-1	-0.1118	0.00579	1400000	-0.0002
0	0.0001	0.00601	1400000	-0
1	0.1121	0.00579	1400000	0.0002
2	0.2236	0.00558	1400000	0.0013
3	0.3366	0.00621	1400000	0.0017
4	0.4495	0.00682	1400000	0.0021
5	0.5619	0.00756	1400000	0.0025
6	0.6733	0.00851	1400000	0.0029
7	0.7836	0.0096	1400000	0.0035
8	0.8922	0.011	1400000	0.0042
9	0.999	0.01264	1400000	0.005
10	1.1026	0.01476	1400000	0.0061
11	1.1993	0.01797	1400000	0.0075
12	1.2922	0.02116	1400000	0.009
13	1.3733	0.02556	1400000	0.0108
14	1.4208	0.03332	1400000	0.0128
15	1.3083	0.07302	1400000	-0.0171
-5	-0.5618	0.00745	1500000	-0.0024
-4	-0.4493	0.00671	1500000	-0.002
-3	-0.3364	0.00612	1500000	-0.0016
-2	-0.2186	0.0055	1500000	-0.0024
-1	-0.1122	0.00582	1500000	-0.0001
0	0.0001	0.006	1500000	-0
1	0.1125	0.00582	1500000	0.0001
2	0.219	0.0055	1500000	0.0023
3	0.3367	0.00612	1500000	0.0016
4	0.4496	0.00671	1500000	0.002
5	0.5621	0.00745	1500000	0.0024
6	0.6735	0.00839	1500000	0.0029
7	0.7841	0.00944	1500000	0.0034
8	0.8929	0.01079	1500000	0.0041
9	0.9997	0.01244	1500000	0.0049
10	1.1038	0.01442	1500000	0.006
11	1.202	0.01732	1500000	0.0073
12	1.2961	0.02036	1500000	0.0088
13	1.3787	0.02465	1500000	0.0106
14	1.4048	0.03526	1500000	0.0126
15	1.3105	0.07268	1500000	-0.017
-5	-0.5623	0.00718	1750000	-0.0023
-4	-0.4496	0.00649	1750000	-0.0019
-3	-0.3365	0.0059	1750000	-0.0016
-2	-0.2179	0.00542	1750000	-0.0023
-1	-0.1128	0.00587	1750000	-0.0001
0	0.0001	0.00598	1750000	-0
1	0.1131	0.00587	1750000	0.0001
2	0.2181	0.00542	1750000	0.0023
3	0.3368	0.0059	1750000	0.0016
4	0.4499	0.0065	1750000	0.0019
5	0.5626	0.00718	1750000	0.0023
6	0.6743	0.00808	1750000	0.0027
7	0.7849	0.00915	1750000	0.0033
8	0.8943	0.01035	1750000	0.0039
9	1.0013	0.01196	1750000	0.0047
10	1.1051	0.0141	1750000	0.0058
11	1.2069	0.01615	1750000	0.0069
12	1.3031	0.0189	1750000	0.0083
13	1.3796	0.02448	1750000	0.0105
14	1.4439	0.03025	1750000	0.0126
15	1.407	0.05288	1750000	-0.0027
-5	-0.5627	0.00697	2000000	-0.0022
-4	-0.4499	0.00631	2000000	-0.0019
-3	-0.3366	0.00574	2000000	-0.0015
-2	-0.223	0.00548	2000000	-0.0009
-1	-0.1132	0.00589	2000000	-0
0	0.0001	0.00595	2000000	-0
1	0.1135	0.00589	2000000	0
2	0.2232	0.00548	2000000	0.0009
3	0.3369	0.00574	2000000	0.0015
4	0.4502	0.00631	2000000	0.0019
5	0.563	0.00697	2000000	0.0022
6	0.6749	0.00784	2000000	0.0026
7	0.7857	0.00885	2000000	0.0032
8	0.8953	0.01002	2000000	0.0038
9	1.0029	0.01149	2000000	0.0045
10	1.1078	0.01336	2000000	0.0055
11	1.2103	0.01532	2000000	0.0066
12	1.3036	0.0188	2000000	0.0082
13	1.3926	0.02219	2000000	0.0099
14	1.4662	0.02709	2000000	0.0121
15	1.5007	0.03519	2000000	0.0144
-5	-0.564	0.00643	3000000	-0.002
-4	-0.4508	0.00579	3000000	-0.0017
-3	-0.3322	0.0053	3000000	-0.0025
-2	-0.2273	0.00578	3000000	-0
-1	-0.1138	0.00589	3000000	-0
0	0.0001	0.00583	3000000	-0
1	0.1141	0.00589	3000000	0
2	0.2276	0.00578	3000000	0
3	0.3325	0.0053	3000000	0.0024
4	0.4511	0.00579	3000000	0.0017
5	0.5643	0.00643	3000000	0.002
6	0.6766	0.00723	3000000	0.0023
7	0.7879	0.00814	3000000	0.0028
8	0.8982	0.00917	3000000	0.0034
9	1.0065	0.01051	3000000	0.0041
10	1.1135	0.01187	3000000	0.0049
11	1.2168	0.0138	3000000	0.006
12	1.3181	0.01569	3000000	0.0072
13	1.414	0.01816	3000000	0.0086
14	1.4986	0.02199	3000000	0.0107
15	1.5545	0.02877	3000000	0.0137
-5	-0.5648	0.00611	4000000	-0.0018
-4	-0.4515	0.00546	4000000	-0.0015
-3	-0.341	0.00545	4000000	-0.0003
-2	-0.2281	0.00578	4000000	-0
0	0.0001	0.00575	4000000	-0
1	0.1144	0.0058	4000000	0
2	0.2284	0.00578	4000000	0
3	0.3413	0.00544	4000000	0.0003
4	0.4518	0.00546	4000000	0.0015
5	0.5651	0.00611	4000000	0.0018
6	0.6777	0.00686	4000000	0.0022
7	0.7895	0.00768	4000000	0.0026
8	0.9	0.00867	4000000	0.0031
9	1.0092	0.00979	4000000	0.0038
10	1.1163	0.01121	4000000	0.0046
11	1.2219	0.01259	4000000	0.0055
12	1.3244	0.01433	4000000	0.0066
13	1.418	0.01749	4000000	0.0083
14	1.5091	0.02026	4000000	0.0101
15	1.5895	0.02395	4000000	0.0124
