NACA0012			rows = 658
-5	-0.1554	0.05241	13000	-0.0187
-4	-0.1214	0.04591	13000	-0.021
-3	-0.0857	0.04119	13000	-0.0205
-2	-0.0513	0.03808	13000	-0.0168
-1	-0.023	0.03634	13000	-0.0095
0	0	0.03578	13000	-0
1	0.023	0.03634	13000	0.0095
2	0.0514	0.03807	13000	0.0168
3	0.0859	0.04117	13000	0.0205
4	0.1218	0.04588	13000	0.0209
5	0.156	0.05237	13000	0.0186
6	0.1879	0.06068	13000	0.0143
7	0.2182	0.07068	13000	0.0088
8	0.2483	0.08201	13000	0.0029
9	0.2793	0.09427	13000	-0.0031
10	0.312	0.10714	13000	-0.0091
11	0.3463	0.12033	13000	-0.0151
12	0.3818	0.13375	13000	-0.0212
13	0.4579	0.15577	13000	-0.0372
14	0.532	0.1775	13000	-0.0498
15	0.5846	0.19585	13000	-0.0562
-5	-0.4643	0.04986	25000	0.0261
-3	-0.0604	0.03341	25000	-0.0209
-2	-0.0239	0.02965	25000	-0.0192
-1	-0.0014	0.02752	25000	-0.0123
0	0	0.02682	25000	-0
1	0.0014	0.02751	25000	0.0123
2	0.0241	0.02964	25000	0.0192
3	0.0606	0.03339	25000	0.0208
4	0.2003	0.04175	25000	0.0001
5	0.4882	0.04921	25000	-0.0276
6	0.6292	0.05166	25000	-0.0159
7	0.659	0.06308	25000	-0.0073
8	0.6128	0.08334	25000	-0.01
9	0.5815	0.10374	25000	-0.0168
10	0.4773	0.12336	25000	-0.0356
11	0.5168	0.13888	25000	-0.0368
12	0.5473	0.15288	25000	-0.0376
13	0.5885	0.1701	25000	-0.0392
14	0.6287	0.18815	25000	-0.0414
15	0.6597	0.2038	25000	-0.0432
-5	-0.6185	0.02424	50000	0.0099
-4	-0.5427	0.02293	50000	0.0219
-3	-0.4481	0.0234	50000	0.0332
-2	-0.1897	0.02464	50000	0.0119
-1	0.0296	0.02169	50000	-0.0155
0	0	0.0208	50000	-0
1	-0.0295	0.02169	50000	0.0155
2	0.1898	0.02463	50000	-0.0119
3	0.4481	0.0234	50000	-0.0332
4	0.5427	0.02293	50000	-0.0219
5	0.6184	0.02424	50000	-0.0099
6	0.6905	0.02779	50000	-0.0004
7	0.7689	0.03364	50000	0.006
8	0.8319	0.04239	50000	0.0126
9	0.8546	0.05671	50000	0.0194
10	0.7492	0.08135	50000	0.0191
12	0.599	0.14595	50000	-0.0231
13	0.6121	0.15951	50000	-0.0261
14	0.6427	0.17511	50000	-0.0286
15	0.6679	0.19135	50000	-0.0322
-5	-0.6153	0.01918	75000	0.0079
-4	-0.5398	0.01755	75000	0.0162
-3	-0.4616	0.01691	75000	0.0254
-2	-0.3748	0.01746	75000	0.0347
-1	-0.1431	0.01897	75000	0.0144
0	0	0.01833	75000	-0
1	0.143	0.01897	75000	-0.0143
2	0.3748	0.01746	75000	-0.0347
3	0.4615	0.0169	75000	-0.0254
4	0.5397	0.01755	75000	-0.0162
5	0.6152	0.01918	75000	-0.0079
6	0.6866	0.02236	75000	-0.0002
7	0.7649	0.02706	75000	0.0057
8	0.8465	0.03329	75000	0.0106
9	0.9075	0.0423	75000	0.0168
10	0.9025	0.05761	75000	0.0255
11	0.7917	0.08099	75000	0.0252
12	0.6638	0.1419	75000	-0.0115
13	0.6277	0.15419	75000	-0.0212
14	0.6404	0.16844	75000	-0.0259
15	0.6612	0.18349	75000	-0.0307
-5	-0.6146	0.01677	100000	0.0079
-4	-0.5373	0.0152	100000	0.0148
-3	-0.4555	0.01441	100000	0.0216
-2	-0.3747	0.01445	100000	0.0297
-1	-0.2624	0.01571	100000	0.0317
0	0	0.01698	100000	-0
1	0.2624	0.01571	100000	-0.0317
2	0.3746	0.01445	100000	-0.0296
3	0.4554	0.01441	100000	-0.0216
4	0.5373	0.01519	100000	-0.0147
5	0.6146	0.01677	100000	-0.0079
6	0.6863	0.01961	100000	-0.0009
7	0.7625	0.02369	100000	0.005
8	0.8452	0.02876	100000	0.0098
9	0.9202	0.03573	100000	0.015
10	0.9631	0.04529	100000	0.0221
11	0.9311	0.06003	100000	0.0312
12	0.7705	0.09371	100000	0.0165
14	0.6485	0.16521	100000	-0.024
15	0.6954	0.18321	100000	-0.0241
-5	-0.617	0.01433	150000	0.009
-4	-0.5361	0.01293	150000	0.0144
-3	-0.4497	0.01214	150000	0.019
-2	-0.3626	0.01195	150000	0.0237
-1	-0.2043	0.01251	150000	0.0157
0	0	0.01297	150000	0
1	0.2043	0.01251	150000	-0.0157
2	0.3625	0.01195	150000	-0.0237
3	0.4496	0.01214	150000	-0.019
4	0.536	0.01292	150000	-0.0143
5	0.6169	0.01432	150000	-0.009
6	0.6911	0.01676	150000	-0.0028
7	0.7658	0.01977	150000	0.0035
8	0.8438	0.02342	150000	0.0089
9	0.9256	0.02903	150000	0.0131
10	0.9966	0.03587	150000	0.0178
11	1.0216	0.0456	150000	0.0265
12	0.9546	0.06056	150000	0.0355
13	0.7959	0.0994	150000	0.012
14	0.659	0.16003	150000	-0.0221
15	0.6715	0.17563	150000	-0.0286
-5	-0.6203	0.01307	200000	0.0101
-4	-0.5367	0.01179	200000	0.0147
-3	-0.4476	0.01105	200000	0.0183
-2	-0.3078	0.01067	200000	0.0121
-1	-0.143	0.01034	200000	0.0028
0	-0	0.01018	200000	0
1	0.143	0.01034	200000	-0.0028
2	0.3078	0.01067	200000	-0.0121
3	0.4475	0.01105	200000	-0.0183
4	0.5366	0.01179	200000	-0.0147
5	0.6203	0.01307	200000	-0.0101
6	0.6979	0.01514	200000	-0.0045
7	0.773	0.01773	200000	0.0016
8	0.8489	0.02074	200000	0.0076
9	0.9262	0.02517	200000	0.0125
10	1.0029	0.0294	200000	0.0172
11	1.0557	0.03753	200000	0.0235
12	1.0848	0.04385	200000	0.0307
13	1.0398	0.05733	200000	0.0372
15	0.6812	0.17182	200000	-0.0273
-5	-0.6238	0.01227	250000	0.0112
-4	-0.5382	0.01105	250000	0.0152
-3	-0.4291	0.01032	250000	0.0146
-2	-0.2661	0.00959	250000	0.0039
-1	-0.1172	0.00892	250000	-0.0021
0	0	0.00863	250000	-0
1	0.1172	0.00892	250000	0.0021
2	0.266	0.00959	250000	-0.0039
3	0.4291	0.01032	250000	-0.0146
4	0.5381	0.01105	250000	-0.0152
5	0.6237	0.01227	250000	-0.0112
6	0.7036	0.01412	250000	-0.006
7	0.7808	0.01632	250000	-0
8	0.8552	0.01914	250000	0.0063
9	0.9325	0.02222	250000	0.0116
10	1.0065	0.02684	250000	0.0166
11	1.0722	0.03204	250000	0.0216
12	1.1009	0.0393	250000	0.0297
13	1.0812	0.04931	250000	0.0369
14	0.9949	0.07171	250000	0.0279
15	0.6834	0.1703	250000	-0.0275
-5	-0.627	0.0117	300000	0.0121
-4	-0.5397	0.01056	300000	0.0157
-3	-0.3956	0.00964	300000	0.008
-2	-0.2377	0.00875	300000	-0.0015
-1	-0.1072	0.008	300000	-0.0037
0	0	0.00768	300000	-0
1	0.1072	0.008	300000	0.0037
2	0.2377	0.00875	300000	0.0015
3	0.3956	0.00964	300000	-0.008
4	0.5396	0.01055	300000	-0.0157
5	0.627	0.0117	300000	-0.0121
6	0.708	0.01343	300000	-0.007
7	0.7861	0.01544	300000	-0.0012
8	0.8632	0.01772	300000	0.0047
9	0.936	0.0211	300000	0.0107
10	1.0138	0.02415	300000	0.0155
11	1.078	0.02915	300000	0.0211
12	1.1248	0.03387	300000	0.0279
13	1.1108	0.04524	300000	0.0359
14	1.071	0.05933	300000	0.0343
15	0.959	0.09184	300000	0.0139
-5	-0.63	0.01128	350000	0.0128
-4	-0.5288	0.01013	350000	0.0136
-3	-0.3723	0.00906	350000	0.0035
-2	-0.2229	0.00812	350000	-0.0041
-1	-0.104	0.00738	350000	-0.0039
0	0	0.00709	350000	-0
1	0.104	0.00738	350000	0.0039
2	0.2229	0.00812	350000	0.0041
3	0.3723	0.00906	350000	-0.0035
4	0.5288	0.01013	350000	-0.0136
5	0.63	0.01127	350000	-0.0128
6	0.7127	0.01281	350000	-0.0081
7	0.7925	0.01459	350000	-0.0025
8	0.8689	0.01686	350000	0.0036
9	0.9455	0.01947	350000	0.0093
10	1.0159	0.02346	350000	0.015
11	1.0886	0.02635	350000	0.0198
12	1.1271	0.03293	350000	0.0274
13	1.1418	0.03969	350000	0.0347
14	1.1213	0.05175	350000	0.0355
15	1.0503	0.07545	350000	0.0229
-5	-0.6327	0.01095	400000	0.0135
-4	-0.5076	0.00969	400000	0.0094
-3	-0.3556	0.00857	400000	0.0003
-2	-0.2144	0.00762	400000	-0.0054
-1	-0.1031	0.00694	400000	-0.0038
1	0.1031	0.00694	400000	0.0038
2	0.2144	0.00762	400000	0.0054
3	0.3556	0.00857	400000	-0.0003
4	0.5077	0.00968	400000	-0.0094
5	0.6326	0.01095	400000	-0.0135
6	0.716	0.0124	400000	-0.0089
7	0.7963	0.01409	400000	-0.0033
8	0.8763	0.01591	400000	0.0023
9	0.9537	0.01829	400000	0.008
10	1.0261	0.02164	400000	0.0136
11	1.0962	0.02483	400000	0.0187
12	1.1419	0.02999	400000	0.0262
13	1.1658	0.036	400000	0.0333
14	1.1686	0.04506	400000	0.0356
15	1.14	0.06066	400000	0.0302
-5	-0.6352	0.01068	450000	0.0141
-4	-0.4912	0.00933	450000	0.0062
-3	-0.3405	0.00818	450000	-0.0026
-2	-0.2095	0.00723	450000	-0.0061
-1	-0.1031	0.00661	450000	-0.0035
0	0	0.00639	450000	-0
1	0.1031	0.00661	450000	0.0035
2	0.2095	0.00723	450000	0.0061
3	0.3405	0.00818	450000	0.0026
4	0.4912	0.00933	450000	-0.0062
5	0.6351	0.01068	450000	-0.0141
6	0.7197	0.01199	450000	-0.0096
7	0.8005	0.01358	450000	-0.0041
8	0.8813	0.01529	450000	0.0013
9	0.9599	0.01745	450000	0.0069
10	1.0354	0.02032	450000	0.0123
11	1.1001	0.02422	450000	0.0182
12	1.1561	0.02788	450000	0.0248
13	1.1873	0.03296	450000	0.0318
14	1.1814	0.04312	450000	0.0352
15	1.1226	0.06302	450000	0.0286
-5	-0.6261	0.01039	500000	0.0123
-4	-0.4778	0.00898	500000	0.0035
-3	-0.3308	0.00784	500000	-0.0044
-2	-0.2087	0.00695	500000	-0.0059
-1	-0.1036	0.00637	500000	-0.0031
0	0	0.00617	500000	-0
1	0.1036	0.00637	500000	0.0031
2	0.2087	0.00695	500000	0.0059
3	0.3308	0.00784	500000	0.0044
4	0.4779	0.00898	500000	-0.0035
6	0.7224	0.0117	500000	-0.0102
7	0.8047	0.01311	500000	-0.0049
8	0.8831	0.01501	500000	0.0009
9	0.96	0.0173	500000	0.0068
10	1.0439	0.01925	500000	0.011
11	1.1117	0.02274	500000	0.0167
12	1.1713	0.0261	500000	0.023
13	1.1938	0.03198	500000	0.0311
14	1.1864	0.04233	500000	0.0348
15	1.1706	0.05623	500000	0.0303
-5	-0.6134	0.01008	550000	0.0097
-4	-0.4675	0.0087	550000	0.0015
-3	-0.3248	0.00757	550000	-0.0054
-2	-0.2083	0.00672	550000	-0.0056
-1	-0.1039	0.00619	550000	-0.0029
0	0	0.006	550000	-0
1	0.1039	0.00619	550000	0.0029
2	0.2083	0.00672	550000	0.0056
3	0.3248	0.00757	550000	0.0054
4	0.4675	0.0087	550000	-0.0015
5	0.6134	0.01008	550000	-0.0097
6	0.7251	0.01143	550000	-0.0108
7	0.8079	0.01276	550000	-0.0056
8	0.8883	0.01443	550000	0
9	0.967	0.01649	550000	0.0057
10	1.0486	0.01864	550000	0.0102
11	1.1217	0.0216	550000	0.0154
12	1.184	0.02483	550000	0.0213
13	1.1946	0.03182	550000	0.031
14	1.2136	0.03903	550000	0.0342
15	1.2043	0.05167	550000	0.0312
-5	-0.6028	0.00982	600000	0.0075
-4	-0.4584	0.00847	600000	-0.0003
-3	-0.3197	0.00733	600000	-0.0062
-2	-0.2087	0.00653	600000	-0.0053
-1	-0.1045	0.00604	600000	-0.0026
0	0	0.00589	600000	-0
1	0.1045	0.00604	600000	0.0026
2	0.2087	0.00653	600000	0.0053
3	0.3197	0.00733	600000	0.0062
4	0.4584	0.00847	600000	0.0003
5	0.6028	0.00982	600000	-0.0075
6	0.7277	0.01118	600000	-0.0114
7	0.8104	0.0125	600000	-0.0062
8	0.8923	0.01398	600000	-0.0007
9	0.9725	0.01588	600000	0.0048
10	1.0483	0.01855	600000	0.0102
11	1.1306	0.02064	600000	0.0142
12	1.1828	0.02484	600000	0.0214
13	1.2147	0.02972	600000	0.0295
14	1.2355	0.03652	600000	0.0335
15	1.2334	0.04788	600000	0.0317
-5	-0.5939	0.00959	650000	0.0057
-4	-0.4503	0.00823	650000	-0.0019
-3	-0.3185	0.00714	650000	-0.0062
-2	-0.2094	0.00638	650000	-0.0049
-1	-0.1049	0.00592	650000	-0.0024
0	-0	0.00576	650000	0
1	0.1049	0.00592	650000	0.0024
2	0.2094	0.00638	650000	0.0049
3	0.3185	0.00714	650000	0.0062
4	0.4503	0.00823	650000	0.0019
5	0.5939	0.00959	650000	-0.0057
6	0.7299	0.01097	650000	-0.0118
7	0.8126	0.01228	650000	-0.0066
8	0.8958	0.0136	650000	-0.0013
9	0.9769	0.01537	650000	0.004
10	1.0557	0.01774	650000	0.0091
11	1.1383	0.01983	650000	0.0131
12	1.1884	0.02434	650000	0.0207
13	1.2318	0.02811	650000	0.028
14	1.2556	0.03436	650000	0.0328
15	1.2615	0.04437	650000	0.0321
-5	-0.5857	0.00939	700000	0.004
-4	-0.443	0.00804	700000	-0.0034
-3	-0.3169	0.00699	700000	-0.0064
-2	-0.2102	0.00625	700000	-0.0046
-1	-0.1053	0.00582	700000	-0.0022
0	0	0.0057	700000	-0
1	0.1053	0.00582	700000	0.0022
2	0.2102	0.00625	700000	0.0046
3	0.3169	0.00699	700000	0.0064
4	0.443	0.00804	700000	0.0034
5	0.5857	0.00939	700000	-0.004
7	0.8156	0.01199	700000	-0.0072
8	0.8986	0.01329	700000	-0.0019
9	0.9808	0.01495	700000	0.0034
10	1.0615	0.01711	700000	0.0083
11	1.1444	0.01919	700000	0.0122
12	1.2017	0.02317	700000	0.019
13	1.2472	0.02679	700000	0.0266
14	1.2753	0.03238	700000	0.0319
15	1.2862	0.04143	700000	0.0322
-5	-0.5791	0.00921	750000	0.0026
-4	-0.4374	0.00788	750000	-0.0044
-3	-0.3169	0.00684	750000	-0.0062
-2	-0.211	0.00614	750000	-0.0042
-1	-0.1057	0.00574	750000	-0.002
0	0	0.00561	750000	-0
1	0.1057	0.00574	750000	0.002
2	0.211	0.00614	750000	0.0042
3	0.3169	0.00684	750000	0.0062
4	0.4374	0.00788	750000	0.0044
6	0.7205	0.01058	750000	-0.0098
7	0.8181	0.01175	750000	-0.0077
8	0.901	0.01304	750000	-0.0024
9	0.984	0.01459	750000	0.0028
10	1.0661	0.0166	750000	0.0076
11	1.1479	0.0188	750000	0.0117
12	1.2123	0.02223	750000	0.0177
13	1.2615	0.02565	750000	0.0251
14	1.2939	0.03064	750000	0.0309
15	1.3011	0.0397	750000	0.0322
-5	-0.5736	0.00903	800000	0.0015
-4	-0.4348	0.00773	800000	-0.0049
-3	-0.3171	0.00674	800000	-0.0059
-2	-0.2118	0.00605	800000	-0.0039
-1	-0.1061	0.00567	800000	-0.0019
0	-0	0.00557	800000	0
1	0.1061	0.00567	800000	0.0019
2	0.2118	0.00605	800000	0.0039
3	0.3171	0.00674	800000	0.0059
4	0.4348	0.00773	800000	0.0049
5	0.5736	0.00903	800000	-0.0015
6	0.7135	0.01039	800000	-0.0084
7	0.8204	0.01154	800000	-0.0081
8	0.9029	0.01284	800000	-0.0027
9	0.9867	0.0143	800000	0.0023
10	1.07	0.01616	800000	0.0069
11	1.1475	0.01877	800000	0.0117
12	1.2211	0.02144	800000	0.0166
13	1.2749	0.02463	800000	0.0236
14	1.3091	0.02927	800000	0.03
15	1.2985	0.03992	800000	0.0321
-5	-0.5683	0.00886	850000	0.0004
-4	-0.4319	0.00759	850000	-0.0054
-3	-0.3175	0.00662	850000	-0.0057
-2	-0.2125	0.00597	850000	-0.0036
-1	-0.1064	0.00562	850000	-0.0018
0	0	0.0055	850000	-0
1	0.1064	0.00562	850000	0.0018
2	0.2125	0.00597	850000	0.0036
3	0.3175	0.00662	850000	0.0057
4	0.4319	0.00759	850000	0.0054
5	0.5684	0.00886	850000	-0.0004
6	0.7076	0.01022	850000	-0.0071
7	0.8224	0.01137	850000	-0.0085
8	0.9043	0.01272	850000	-0.003
9	0.9887	0.01408	850000	0.0019
10	1.0734	0.01578	850000	0.0064
11	1.1486	0.01862	850000	0.0116
12	1.2286	0.02077	850000	0.0156
13	1.2873	0.02376	850000	0.0221
14	1.3182	0.02848	850000	0.0294
15	1.283	0.04162	850000	0.0318
-5	-0.5634	0.00871	900000	-0.0006
-4	-0.4293	0.00748	900000	-0.0058
-3	-0.3185	0.00653	900000	-0.0054
-1	-0.1069	0.00556	900000	-0.0016
0	0	0.00547	900000	-0
1	0.1069	0.00556	900000	0.0016
2	0.2131	0.00592	900000	0.0034
3	0.3185	0.00653	900000	0.0054
4	0.4294	0.00748	900000	0.0058
5	0.5635	0.00871	900000	0.0006
6	0.7022	0.01004	900000	-0.0059
7	0.8241	0.01122	900000	-0.0089
8	0.9059	0.01256	900000	-0.0033
9	0.9898	0.01395	900000	0.0017
10	1.0765	0.01544	900000	0.0059
11	1.1543	0.01806	900000	0.0108
12	1.2351	0.02018	900000	0.0148
13	1.2978	0.02304	900000	0.0208
14	1.3192	0.02834	900000	0.0293
15	1.3105	0.03853	900000	0.0321
-5	-0.5589	0.00858	950000	-0.0015
-4	-0.4276	0.00738	950000	-0.0061
-2	-0.2139	0.00585	950000	-0.0031
-1	-0.1071	0.00552	950000	-0.0015
0	-0	0.00542	950000	0
1	0.1071	0.00552	950000	0.0015
2	0.2139	0.00585	950000	0.0031
4	0.4276	0.00738	950000	0.0061
5	0.5589	0.00858	950000	0.0015
6	0.6972	0.00988	950000	-0.0049
7	0.8257	0.0111	950000	-0.0092
8	0.9083	0.01233	950000	-0.0038
9	0.9903	0.01388	950000	0.0016
10	1.079	0.01515	950000	0.0055
11	1.1591	0.01757	950000	0.0101
12	1.2409	0.01966	950000	0.014
13	1.3057	0.02252	950000	0.0197
14	1.3108	0.02897	950000	0.0298
15	1.334	0.03599	950000	0.0321
-5	-0.5547	0.00846	1000000	-0.0024
-4	-0.4278	0.00728	1000000	-0.006
-3	-0.3199	0.00639	1000000	-0.0048
-2	-0.2144	0.00579	1000000	-0.0029
-1	-0.1075	0.0055	1000000	-0.0014
0	-0	0.00538	1000000	0
1	0.1075	0.0055	1000000	0.0014
2	0.2144	0.00579	1000000	0.0029
3	0.3199	0.00639	1000000	0.0048
4	0.4278	0.00728	1000000	0.006
5	0.5547	0.00846	1000000	0.0024
6	0.6929	0.00973	1000000	-0.004
7	0.8272	0.01099	1000000	-0.0095
8	0.9105	0.01213	1000000	-0.0042
9	0.993	0.0136	1000000	0.0011
10	1.0812	0.0149	1000000	0.0051
11	1.1632	0.01715	1000000	0.0095
12	1.246	0.01919	1000000	0.0133
13	1.3103	0.0222	1000000	0.0191
14	1.3143	0.02866	1000000	0.0296
15	1.3542	0.0339	1000000	0.0319
-5	-0.5476	0.00826	1100000	-0.0039
-4	-0.4268	0.00712	1100000	-0.006
-3	-0.3215	0.00628	1100000	-0.0043
-2	-0.2155	0.00572	1100000	-0.0026
-1	-0.108	0.00542	1100000	-0.0012
0	0	0.00534	1100000	-0
1	0.108	0.00542	1100000	0.0012
2	0.2155	0.00572	1100000	0.0026
3	0.3215	0.00628	1100000	0.0043
4	0.4268	0.00712	1100000	0.006
6	0.6857	0.00947	1100000	-0.0024
7	0.822	0.01073	1100000	-0.0084
8	0.9143	0.01179	1100000	-0.0049
9	0.9977	0.01313	1100000	0.0003
10	1.0845	0.01452	1100000	0.0046
11	1.1698	0.01646	1100000	0.0086
12	1.2542	0.01843	1100000	0.0122
13	1.3089	0.02223	1100000	0.0193
14	1.3444	0.02631	1100000	0.0273
15	1.3875	0.03075	1100000	0.0311
-5	-0.5443	0.00806	1200000	-0.0045
-4	-0.4279	0.00699	1200000	-0.0056
-3	-0.3229	0.00617	1200000	-0.0038
-2	-0.2164	0.00565	1200000	-0.0022
-1	-0.1085	0.00537	1200000	-0.001
0	0	0.00531	1200000	-0
1	0.1085	0.00537	1200000	0.001
2	0.2164	0.00565	1200000	0.0022
3	0.3229	0.00617	1200000	0.0038
4	0.4279	0.00699	1200000	0.0056
5	0.5443	0.00806	1200000	0.0045
6	0.6792	0.00925	1200000	-0.001
7	0.8148	0.01045	1200000	-0.0068
8	0.9176	0.01151	1200000	-0.0055
9	1.0014	0.01275	1200000	-0.0004
10	1.0863	0.0143	1200000	0.0043
11	1.1751	0.0159	1200000	0.0078
12	1.2599	0.01788	1200000	0.0114
13	1.3142	0.02185	1200000	0.0185
14	1.3685	0.02458	1200000	0.0251
15	1.4135	0.02854	1200000	0.0299
-5	-0.5412	0.0079	1300000	-0.0051
-4	-0.4287	0.00688	1300000	-0.0053
-3	-0.3241	0.00611	1300000	-0.0034
-2	-0.2172	0.00559	1300000	-0.002
-1	-0.109	0.00535	1300000	-0.0009
0	0	0.00525	1300000	-0
2	0.2172	0.00559	1300000	0.002
3	0.3241	0.00611	1300000	0.0034
4	0.4287	0.00688	1300000	0.0052
5	0.5413	0.0079	1300000	0.0051
6	0.6735	0.00905	1300000	0.0002
7	0.8086	0.01021	1300000	-0.0054
8	0.9205	0.01127	1300000	-0.0061
9	1.0046	0.01244	1300000	-0.0009
10	1.0876	0.01415	1300000	0.0041
11	1.1794	0.01544	1300000	0.0071
12	1.263	0.01757	1300000	0.0109
13	1.3283	0.02079	1300000	0.0168
14	1.3877	0.02329	1300000	0.0231
15	1.4341	0.02688	1300000	0.0287
-5	-0.5386	0.00777	1400000	-0.0056
-4	-0.43	0.0068	1400000	-0.0048
-3	-0.3252	0.00604	1400000	-0.003
-2	-0.2181	0.00556	1400000	-0.0017
-1	-0.1093	0.0053	1400000	-0.0008
0	-0	0.00525	1400000	0
1	0.1093	0.0053	1400000	0.0008
3	0.3252	0.00604	1400000	0.003
4	0.43	0.0068	1400000	0.0048
5	0.5387	0.00777	1400000	0.0056
6	0.6684	0.00888	1400000	0.0013
7	0.8035	0.01	1400000	-0.0043
8	0.923	0.01108	1400000	-0.0066
9	1.0074	0.01218	1400000	-0.0014
10	1.0913	0.01376	1400000	0.0035
11	1.183	0.01505	1400000	0.0066
12	1.2628	0.01755	1400000	0.011
13	1.339	0.01994	1400000	0.0154
14	1.4033	0.0223	1400000	0.0212
15	1.4513	0.0256	1400000	0.0274
-5	-0.5386	0.00767	1500000	-0.0055
-4	-0.4314	0.00671	1500000	-0.0044
-3	-0.3262	0.00599	1500000	-0.0027
-2	-0.2185	0.00552	1500000	-0.0016
-1	-0.1097	0.00529	1500000	-0.0007
0	-0	0.0052	1500000	0
1	0.1097	0.00529	1500000	0.0007
2	0.2185	0.00552	1500000	0.0016
3	0.3262	0.00599	1500000	0.0027
4	0.4314	0.00671	1500000	0.0044
5	0.5386	0.00767	1500000	0.0055
6	0.6643	0.00873	1500000	0.0022
7	0.7989	0.00981	1500000	-0.0032
8	0.9253	0.01091	1500000	-0.007
9	1.0098	0.01196	1500000	-0.0019
10	1.0945	0.01343	1500000	0.0029
11	1.186	0.01473	1500000	0.0061
12	1.2647	0.01736	1500000	0.0107
13	1.3474	0.01925	1500000	0.0143
14	1.4162	0.02151	1500000	0.0196
15	1.4655	0.02458	1500000	0.0261
-5	-0.539	0.00743	1750000	-0.0053
-4	-0.4343	0.00656	1750000	-0.0036
-3	-0.3281	0.00588	1750000	-0.0021
-2	-0.2198	0.00547	1750000	-0.0012
-1	-0.1103	0.00523	1750000	-0.0005
0	0	0.00515	1750000	-0
1	0.1103	0.00523	1750000	0.0005
2	0.2198	0.00547	1750000	0.0012
3	0.3282	0.00588	1750000	0.0021
4	0.4343	0.00656	1750000	0.0035
5	0.539	0.00743	1750000	0.0053
6	0.6571	0.0084	1750000	0.0038
7	0.7892	0.00942	1750000	-0.0011
8	0.9212	0.01054	1750000	-0.0061
9	1.0148	0.01154	1750000	-0.0028
10	1.101	0.01278	1750000	0.0018
11	1.1917	0.01411	1750000	0.0052
12	1.2767	0.0162	1750000	0.009
13	1.3623	0.01798	1750000	0.0123
14	1.4391	0.02006	1750000	0.0165
15	1.49	0.02292	1750000	0.0237
-5	-0.5411	0.00726	2000000	-0.0046
-4	-0.4365	0.00647	2000000	-0.0029
-3	-0.3297	0.00581	2000000	-0.0017
-2	-0.2208	0.00542	2000000	-0.0009
-1	-0.1108	0.0052	2000000	-0.0004
0	-0	0.00512	2000000	0
1	0.1108	0.0052	2000000	0.0004
2	0.2208	0.00542	2000000	0.0009
3	0.3297	0.00581	2000000	0.0017
4	0.4365	0.00647	2000000	0.0029
5	0.5411	0.00726	2000000	0.0046
6	0.6527	0.00812	2000000	0.0047
7	0.7824	0.00911	2000000	0.0004
8	0.9129	0.01023	2000000	-0.0042
9	1.0188	0.01124	2000000	-0.0036
10	1.106	0.01231	2000000	0.001
11	1.1953	0.01371	2000000	0.0047
12	1.2849	0.01539	2000000	0.0078
13	1.3724	0.01709	2000000	0.0109
14	1.4517	0.01911	2000000	0.0148
15	1.5013	0.02219	2000000	0.0225
-5	-0.5501	0.00682	3000000	-0.0024
-4	-0.4423	0.00621	3000000	-0.0013
-3	-0.3334	0.00569	3000000	-0.0007
-2	-0.2232	0.00535	3000000	-0.0002
-1	-0.1118	0.00515	3000000	-0.0001
0	-0	0.00509	3000000	0
1	0.1118	0.00515	3000000	0.0001
2	0.2232	0.00535	3000000	0.0002
3	0.3334	0.00569	3000000	0.0006
4	0.4423	0.00621	3000000	0.0013
5	0.5501	0.00682	3000000	0.0024
6	0.6555	0.00751	3000000	0.0039
7	0.7671	0.00831	3000000	0.0039
8	0.8942	0.00919	3000000	0.0002
9	1.0213	0.01023	3000000	-0.0037
10	1.1183	0.01123	3000000	-0.0012
11	1.2075	0.01243	3000000	0.0027
12	1.3023	0.01362	3000000	0.0052
13	1.3921	0.01528	3000000	0.0081
14	1.4699	0.01769	3000000	0.0125
15	1.5468	0.01948	3000000	0.0166
-5	-0.555	0.00657	4000000	-0.0012
-4	-0.4456	0.00607	4000000	-0.0005
-3	-0.3354	0.00565	4000000	-0.0002
-2	-0.2243	0.00532	4000000	0
-1	-0.1124	0.00513	4000000	0.0001
0	0	0.00507	4000000	-0
1	0.1124	0.00513	4000000	-0.0001
2	0.2243	0.00532	4000000	-0
3	0.3354	0.00565	4000000	0.0002
4	0.4457	0.00607	4000000	0.0005
5	0.555	0.00657	4000000	0.0012
6	0.6625	0.00718	4000000	0.0022
7	0.7683	0.00781	4000000	0.0037
8	0.8843	0.00861	4000000	0.0026
9	1.0103	0.00953	4000000	-0.001
10	1.1262	0.01068	4000000	-0.0027
11	1.2167	0.01155	4000000	0.0012
12	1.3103	0.0128	4000000	0.004
13	1.3997	0.01459	4000000	0.0071
14	1.4899	0.01604	4000000	0.0097
15	1.5742	0.01763	4000000	0.013
