George-2_N0_Turb		rows = 366
-1.421	-0	0.04823	13000	-0.0656
3.978	0.3	0.06837	13000	-0.0546
5.922	0.4	0.08189	13000	-0.0559
8.087	0.5	0.10051	13000	-0.0598
10.579	0.6	0.12631	13000	-0.0688
-2.843	-0	0.03726	25000	-0.0851
-1.777	0.1	0.03686	25000	-0.0841
-0.706	0.2	0.03704	25000	-0.0832
0.368	0.3	0.03718	25000	-0.0829
1.489	0.4	0.03881	25000	-0.0813
2.668	0.5	0.04113	25000	-0.0791
3.934	0.6	0.04437	25000	-0.0764
5.323	0.7	0.04896	25000	-0.073
7.382	0.8	0.06051	25000	-0.0652
-3.619	-0	0.02954	50000	-0.1001
-2.568	0.1	0.02906	50000	-0.0986
-1.519	0.2	0.02911	50000	-0.0971
-0.462	0.3	0.02961	50000	-0.0955
0.61	0.4	0.03049	50000	-0.0938
1.704	0.5	0.03158	50000	-0.0923
2.877	0.6	0.03353	50000	-0.0894
4.294	0.7	0.03766	50000	-0.084
5.753	0.8	0.0423	50000	-0.0789
7.444	0.9	0.04931	50000	-0.0726
-4.136	-0	0.02566	75000	-0.1111
-3.117	0.1	0.0251	75000	-0.1097
-2.08	0.2	0.02496	75000	-0.1079
-1.028	0.3	0.02518	75000	-0.1058
0.03	0.4	0.02573	75000	-0.1038
1.097	0.5	0.02661	75000	-0.1018
2.239	0.6	0.02815	75000	-0.099
3.434	0.7	0.03014	75000	-0.0954
4.723	0.8	0.03285	75000	-0.0909
6.152	0.9	0.03676	75000	-0.0851
7.816	1	0.04283	75000	-0.0779
-4.544	-0	0.02323	100000	-0.1198
-3.56	0.1	0.02263	100000	-0.1191
-2.568	0.2	0.0224	100000	-0.118
-1.554	0.3	0.02244	100000	-0.1165
-0.497	0.4	0.02274	100000	-0.114
0.606	0.5	0.02347	100000	-0.1108
1.716	0.6	0.02448	100000	-0.1078
2.856	0.7	0.02581	100000	-0.1045
4.075	0.8	0.02773	100000	-0.1002
5.396	0.9	0.03043	100000	-0.0948
6.873	1	0.03438	100000	-0.0881
-4.877	0	0.02046	150000	-0.1271
-3.899	0.1	0.01992	150000	-0.1264
-2.915	0.2	0.01968	150000	-0.1254
-1.915	0.3	0.01969	150000	-0.124
-0.876	0.4	0.01994	150000	-0.1218
0.227	0.5	0.02046	150000	-0.1183
1.336	0.6	0.02125	150000	-0.1149
2.458	0.7	0.02236	150000	-0.1116
3.639	0.8	0.02387	150000	-0.1075
4.912	0.9	0.026	150000	-0.1023
6.299	1	0.02902	150000	-0.096
-4.967	-0	0.01889	200000	-0.1292
-3.994	0.1	0.01842	200000	-0.1285
-3.014	0.2	0.01822	200000	-0.1276
-2.016	0.3	0.01824	200000	-0.1262
-0.971	0.4	0.01849	200000	-0.1237
0.118	0.5	0.01894	200000	-0.1204
1.208	0.6	0.01968	200000	-0.1174
2.313	0.7	0.02071	200000	-0.1143
3.47	0.8	0.02207	200000	-0.1105
4.706	0.9	0.02396	200000	-0.1058
6.043	1	0.0266	200000	-0.1
-5.023	-0	0.01784	250000	-0.1306
-4.057	0.1	0.01741	250000	-0.13
-3.083	0.2	0.01723	250000	-0.1291
-2.092	0.3	0.01725	250000	-0.1278
-1.052	0.4	0.01748	250000	-0.1255
0.027	0.5	0.0179	250000	-0.1223
1.105	0.6	0.01859	250000	-0.1194
2.195	0.7	0.01954	250000	-0.1166
3.333	0.8	0.0208	250000	-0.113
4.541	0.9	0.0225	250000	-0.1086
5.842	1	0.02487	250000	-0.1031
13.972	1.4	0.06189	250000	-0.066
-5.074	0	0.01706	300000	-0.1319
-4.115	0.1	0.01666	300000	-0.1314
-3.147	0.2	0.0165	300000	-0.1306
-2.161	0.3	0.01653	300000	-0.1294
-1.135	0.4	0.01672	300000	-0.1273
-0.061	0.5	0.01711	300000	-0.1242
1.011	0.6	0.01774	300000	-0.1213
2.089	0.7	0.01863	300000	-0.1186
3.213	0.8	0.0198	300000	-0.1153
4.4	0.9	0.02136	300000	-0.1111
5.674	1	0.02352	300000	-0.1058
13.076	1.4	0.05261	300000	-0.0711
-5.12	0	0.01645	350000	-0.133
-4.166	0.1	0.01607	350000	-0.1326
-3.204	0.2	0.01592	350000	-0.1319
-2.225	0.3	0.01595	350000	-0.1308
-1.212	0.4	0.01613	350000	-0.129
-0.142	0.5	0.01648	350000	-0.1259
0.928	0.6	0.01707	350000	-0.123
1.997	0.7	0.0179	350000	-0.1204
3.109	0.8	0.019	350000	-0.1172
4.28	0.9	0.02045	350000	-0.1132
5.53	1	0.02243	350000	-0.1082
6.891	1.1	0.0252	350000	-0.1021
12.489	1.4	0.04681	350000	-0.0752
-5.159	-0	0.01595	400000	-0.134
-4.21	0.1	0.01559	400000	-0.1337
-3.254	0.2	0.01544	400000	-0.1331
-2.281	0.3	0.01547	400000	-0.1321
-1.28	0.4	0.01564	400000	-0.1305
-0.215	0.5	0.01597	400000	-0.1275
0.856	0.6	0.01652	400000	-0.1245
1.918	0.7	0.0173	400000	-0.122
3.02	0.8	0.01834	400000	-0.1189
4.178	0.9	0.0197	400000	-0.115
5.41	1	0.02154	400000	-0.1102
6.745	1.1	0.02411	400000	-0.1043
12.051	1.4	0.04268	400000	-0.0787
-5.193	0	0.01553	450000	-0.1349
-4.248	0.1	0.01519	450000	-0.1346
-3.296	0.2	0.01505	450000	-0.1341
-2.329	0.3	0.01507	450000	-0.1332
-1.338	0.4	0.01523	450000	-0.1318
-0.28	0.5	0.01554	450000	-0.1289
0.794	0.6	0.01605	450000	-0.1258
1.851	0.7	0.0168	450000	-0.1234
2.943	0.8	0.01779	450000	-0.1204
4.09	0.9	0.01907	450000	-0.1166
5.308	1	0.02081	450000	-0.112
6.621	1.1	0.0232	450000	-0.1063
11.711	1.4	0.03956	450000	-0.0817
15.145	1.5	0.06446	450000	-0.0676
-5.223	-0	0.01517	500000	-0.1356
-4.282	0.1	0.01485	500000	-0.1354
-3.333	0.2	0.01471	500000	-0.1349
-2.371	0.3	0.01473	500000	-0.1342
-1.387	0.4	0.01489	500000	-0.1329
-0.338	0.5	0.01518	500000	-0.1302
0.738	0.6	0.01566	500000	-0.127
1.792	0.7	0.01638	500000	-0.1245
2.878	0.8	0.01732	500000	-0.1217
4.014	0.9	0.01854	500000	-0.118
5.219	1	0.02018	500000	-0.1135
6.514	1.1	0.02243	500000	-0.108
11.437	1.4	0.03713	500000	-0.0843
14.353	1.5	0.05606	500000	-0.0713
-5.248	-0	0.01486	550000	-0.1363
-4.311	0.1	0.01455	550000	-0.1361
-3.366	0.2	0.01442	550000	-0.1357
-2.407	0.3	0.01443	550000	-0.135
-1.428	0.4	0.01458	550000	-0.1338
-0.391	0.5	0.01486	550000	-0.1314
0.687	0.6	0.01532	550000	-0.1281
1.741	0.7	0.01601	550000	-0.1256
2.82	0.8	0.01691	550000	-0.1228
3.949	0.9	0.01809	550000	-0.1193
5.141	1	0.01964	550000	-0.1149
6.422	1.1	0.02177	550000	-0.1095
11.207	1.4	0.03516	550000	-0.0866
13.838	1.5	0.05084	550000	-0.0743
-5.271	-0	0.01458	600000	-0.1368
-4.337	0.1	0.01428	600000	-0.1367
-3.395	0.2	0.01416	600000	-0.1364
-2.44	0.3	0.01417	600000	-0.1358
-1.466	0.4	0.01432	600000	-0.1347
-0.439	0.5	0.01458	600000	-0.1324
0.64	0.6	0.01502	600000	-0.1291
1.695	0.7	0.01568	600000	-0.1266
2.768	0.8	0.01655	600000	-0.1238
3.889	0.9	0.01768	600000	-0.1204
5.073	1	0.01917	600000	-0.1161
6.34	1.1	0.0212	600000	-0.1108
11.014	1.4	0.03353	600000	-0.0887
13.461	1.5	0.04713	600000	-0.0768
-5.292	-0	0.01433	650000	-0.1374
-4.36	0.1	0.01404	650000	-0.1373
-3.421	0.2	0.01392	650000	-0.137
-2.469	0.3	0.01394	650000	-0.1364
-1.499	0.4	0.01408	650000	-0.1354
-0.483	0.5	0.01434	650000	-0.1334
0.596	0.6	0.01475	650000	-0.13
1.652	0.7	0.01539	650000	-0.1274
2.72	0.8	0.01623	650000	-0.1248
3.835	0.9	0.01732	650000	-0.1214
5.011	1	0.01876	650000	-0.1172
6.265	1.1	0.02069	650000	-0.1121
10.845	1.4	0.03213	650000	-0.0905
13.158	1.5	0.04423	650000	-0.0791
-5.31	0	0.01411	700000	-0.1378
-4.381	0.1	0.01383	700000	-0.1378
-3.444	0.2	0.01372	700000	-0.1376
-2.496	0.3	0.01373	700000	-0.1371
-1.529	0.4	0.01386	700000	-0.1361
-0.523	0.5	0.01412	700000	-0.1343
0.555	0.6	0.01452	700000	-0.1309
1.614	0.7	0.01513	700000	-0.1282
2.677	0.8	0.01594	700000	-0.1257
3.786	0.9	0.017	700000	-0.1224
4.954	1	0.01839	700000	-0.1183
6.198	1.1	0.02024	700000	-0.1132
10.698	1.4	0.03095	700000	-0.0922
12.905	1.5	0.04189	700000	-0.0811
-5.327	-0	0.01391	750000	-0.1383
-4.4	0.1	0.01364	750000	-0.1383
-3.466	0.2	0.01353	750000	-0.1381
-2.52	0.3	0.01354	750000	-0.1376
-1.557	0.4	0.01367	750000	-0.1368
-0.56	0.5	0.01392	750000	-0.1352
0.516	0.6	0.0143	750000	-0.1318
1.578	0.7	0.01489	750000	-0.129
2.637	0.8	0.01569	750000	-0.1265
3.741	0.9	0.01671	750000	-0.1233
4.902	1	0.01805	750000	-0.1192
6.138	1.1	0.01984	750000	-0.1143
10.566	1.4	0.0299	750000	-0.0938
12.695	1.5	0.03997	750000	-0.0829
-5.343	-0	0.01373	800000	-0.1387
-4.417	0.1	0.01346	800000	-0.1387
-3.486	0.2	0.01335	800000	-0.1386
-2.542	0.3	0.01336	800000	-0.1382
-1.582	0.4	0.01349	800000	-0.1373
-0.593	0.5	0.01374	800000	-0.1359
0.479	0.6	0.0141	800000	-0.1326
1.545	0.7	0.01467	800000	-0.1297
2.601	0.8	0.01545	800000	-0.1272
3.699	0.9	0.01644	800000	-0.1241
4.854	1	0.01774	800000	-0.1201
6.083	1.1	0.01948	800000	-0.1152
10.449	1.4	0.02901	800000	-0.0952
12.509	1.5	0.0383	800000	-0.0845
16.332	1.6	0.06689	800000	-0.0684
-5.357	-0	0.01356	850000	-0.139
-4.434	0.1	0.0133	850000	-0.1391
-3.504	0.2	0.01319	850000	-0.139
-2.563	0.3	0.0132	850000	-0.1386
-1.605	0.4	0.01333	850000	-0.1379
-0.622	0.5	0.01357	850000	-0.1366
0.444	0.6	0.01392	850000	-0.1334
1.514	0.7	0.01447	850000	-0.1303
2.568	0.8	0.01523	850000	-0.1279
3.662	0.9	0.0162	850000	-0.1248
4.81	1	0.01746	850000	-0.121
6.031	1.1	0.01914	850000	-0.1161
10.339	1.4	0.02817	850000	-0.0966
12.349	1.5	0.0369	850000	-0.086
15.65	1.6	0.0596	850000	-0.0712
-5.37	-0	0.0134	900000	-0.1394
-4.449	0.1	0.01315	900000	-0.1395
-3.521	0.2	0.01304	900000	-0.1394
-2.582	0.3	0.01306	900000	-0.1391
-1.627	0.4	0.01318	900000	-0.1384
-0.648	0.5	0.01341	900000	-0.1372
0.411	0.6	0.01376	900000	-0.1342
1.485	0.7	0.01429	900000	-0.131
2.537	0.8	0.01503	900000	-0.1285
3.627	0.9	0.01598	900000	-0.1255
4.77	1	0.01721	900000	-0.1217
5.982	1.1	0.01883	900000	-0.117
10.243	1.4	0.02745	900000	-0.0978
12.2	1.5	0.03562	900000	-0.0875
15.206	1.6	0.05502	900000	-0.0735
-5.383	-0	0.01326	950000	-0.1397
-4.463	0.1	0.01301	950000	-0.1398
-3.536	0.2	0.01291	950000	-0.1398
-2.6	0.3	0.01292	950000	-0.1395
-1.647	0.4	0.01304	950000	-0.1388
-0.671	0.5	0.01327	950000	-0.1377
0.379	0.6	0.01361	950000	-0.1349
1.458	0.7	0.01412	950000	-0.1315
2.508	0.8	0.01485	950000	-0.1291
3.595	0.9	0.01578	950000	-0.1261
4.733	1	0.01697	950000	-0.1224
5.938	1.1	0.01855	950000	-0.1178
10.155	1.4	0.02679	950000	-0.0989
12.069	1.5	0.03452	950000	-0.0888
14.875	1.6	0.05169	950000	-0.0754
-5.394	0	0.01312	1000000	-0.14
-4.476	0.1	0.01288	1000000	-0.1402
-3.551	0.2	0.01278	1000000	-0.1401
-2.616	0.3	0.01279	1000000	-0.1399
-1.666	0.4	0.01291	1000000	-0.1393
-0.693	0.5	0.01313	1000000	-0.1382
0.348	0.6	0.01346	1000000	-0.1356
1.432	0.7	0.01396	1000000	-0.1321
2.481	0.8	0.01468	1000000	-0.1297
3.564	0.9	0.01558	1000000	-0.1268
4.698	1	0.01675	1000000	-0.1231
5.897	1.1	0.01829	1000000	-0.1185
10.071	1.4	0.02618	1000000	-0.1001
11.949	1.5	0.03352	1000000	-0.09
14.615	1.6	0.04912	1000000	-0.077
-5.415	-0	0.01288	1100000	-0.1405
-4.5	0.1	0.01264	1100000	-0.1408
-3.578	0.2	0.01254	1100000	-0.1408
-2.646	0.3	0.01256	1100000	-0.1406
-1.7	0.4	0.01267	1100000	-0.1401
-0.732	0.5	0.01289	1100000	-0.1391
0.292	0.6	0.01321	1100000	-0.1368
1.383	0.7	0.01368	1100000	-0.1332
2.431	0.8	0.01436	1100000	-0.1307
3.506	0.9	0.01524	1100000	-0.1279
4.633	1	0.01636	1100000	-0.1243
5.822	1.1	0.01782	1100000	-0.1199
9.925	1.4	0.02513	1100000	-0.102
11.744	1.5	0.03183	1100000	-0.0923
14.199	1.6	0.04512	1100000	-0.0798
-5.434	-0	0.01266	1200000	-0.141
-4.521	0.1	0.01243	1200000	-0.1413
-3.602	0.2	0.01234	1200000	-0.1414
-2.673	0.3	0.01235	1200000	-0.1412
-1.73	0.4	0.01246	1200000	-0.1408
-0.767	0.5	0.01267	1200000	-0.1399
0.24	0.6	0.01298	1200000	-0.138
1.335	0.7	0.01343	1200000	-0.1342
2.385	0.8	0.01409	1200000	-0.1317
3.454	0.9	0.01493	1200000	-0.129
4.573	1	0.016	1200000	-0.1255
5.755	1.1	0.01742	1200000	-0.1211
9.792	1.4	0.0242	1200000	-0.1039
11.568	1.5	0.03043	1200000	-0.0942
13.877	1.6	0.04213	1200000	-0.0823
-5.451	-0	0.01247	1300000	-0.1415
-4.54	0.1	0.01224	1300000	-0.1418
-3.623	0.2	0.01215	1300000	-0.1419
-2.697	0.3	0.01217	1300000	-0.1418
-1.758	0.4	0.01228	1300000	-0.1414
-0.799	0.5	0.01248	1300000	-0.1406
0.194	0.6	0.01278	1300000	-0.1391
1.289	0.7	0.01321	1300000	-0.1352
2.343	0.8	0.01384	1300000	-0.1326
3.408	0.9	0.01465	1300000	-0.1299
4.519	1	0.01569	1300000	-0.1265
5.693	1.1	0.01705	1300000	-0.1222
9.681	1.4	0.02344	1300000	-0.1055
11.408	1.5	0.02919	1300000	-0.0961
13.613	1.6	0.03974	1300000	-0.0845
-5.466	0	0.01229	1400000	-0.1419
-4.557	0.1	0.01207	1400000	-0.1422
-3.642	0.2	0.01199	1400000	-0.1424
-2.719	0.3	0.012	1400000	-0.1423
-1.782	0.4	0.01211	1400000	-0.142
-0.827	0.5	0.0123	1400000	-0.1413
0.156	0.6	0.0126	1400000	-0.1399
1.244	0.7	0.01301	1400000	-0.1362
2.305	0.8	0.01361	1400000	-0.1334
3.365	0.9	0.0144	1400000	-0.1308
4.472	1	0.01541	1400000	-0.1275
5.636	1.1	0.01671	1400000	-0.1233
9.577	1.4	0.02274	1400000	-0.107
11.274	1.5	0.02817	1400000	-0.0977
13.389	1.6	0.03774	1400000	-0.0864
-5.48	-0	0.01213	1500000	-0.1422
-4.573	0.1	0.01191	1500000	-0.1426
-3.66	0.2	0.01183	1500000	-0.1428
-2.739	0.3	0.01185	1500000	-0.1428
-1.805	0.4	0.01195	1500000	-0.1425
-0.853	0.5	0.01214	1500000	-0.1419
0.125	0.6	0.01243	1500000	-0.1407
1.2	0.7	0.01283	1500000	-0.1372
2.27	0.8	0.01341	1500000	-0.1341
3.327	0.9	0.01418	1500000	-0.1316
4.429	1	0.01516	1500000	-0.1283
5.586	1.1	0.01642	1500000	-0.1243
9.484	1.4	0.02212	1500000	-0.1084
11.148	1.5	0.02723	1500000	-0.0993
13.202	1.6	0.03613	1500000	-0.0882
